##TITLE=Parameter List
##JCAMPDX=4.24
##DATATYPE=Parameter Values
##ORIGIN=Bruker BioSpin MRI GmbH
##OWNER=ryan
$$ Thu Aug  7 19:03:49 2014 EDT (UT-4h)  ryan
$$ /opt/PV5.1/data/ryan/nmr/RMD272.r81/29/pdata/1/visu_pars
##$VisuVersion=1
##$VisuUid=( 65 )
<2.16.756.5.5.100.278412266.22167.1407452629.1200>
##$VisuCreator=( 65 )
<ParaVision>
##$VisuCreatorVersion=( 65 )
<5.1>
##$VisuCreationDate=( 21 )
<18:52:28  7 Aug 2014>
$$ @vis= VisuVersion VisuUid VisuCreator VisuCreatorVersion VisuCreationDate
##$VisuCoreFrameCount=3200
##$VisuCoreDim=1
##$VisuCoreSize=( 1 )
32
##$VisuCoreDimDesc=( 1 )
spectroscopic
$$ @vis= VisuInstance VisuCoreFrameCount VisuCoreDim VisuCoreSize
##$VisuCoreExtent=( 1 )
73.2537534535215
##$VisuCoreUnits=( 1, 65 )
<ppm>
##$VisuCoreDataMin=( 3200 )
0 0 0 0 0 0 0 0 0 0 0 0 0 0 0 0 0 0 0 0 0 0 0 0 0 0 0 0 0 0 0 0 0 0 0 0 0 0 0 
0 0 0 0 0 0 0 0 0 0 0 0 0 0 0 0 0 0 0 0 0 0 0 0 0 0 0 0 0 0 0 0 0 0 0 0 0 0 0 
0 0 0 0 0 0 0 0 0 0 0 0 0 0 0 0 0 0 0 0 0 0 0 0 0 0 0 0 0 0 0 0 0 0 0 0 0 0 0 
0 0 0 0 0 0 0 0 0 0 0 0 0 0 0 0 0 0 0 0 0 0 0 0 0 0 0 0 0 0 0 0 0 0 0 0 0 0 0 
0 0 0 0 0 0 0 0 0 0 0 0 0 0 0 0 0 0 0 0 0 0 0 0 0 0 0 0 0 0 0 0 0 0 0 0 0 0 0 
0 0 0 0 0 0 0 0 0 0 0 0 0 0 0 0 0 0 0 0 0 0 0 0 0 0 0 0 0 0 0 0 0 0 0 0 0 0 0 
0 0 0 0 0 0 0 0 0 0 0 0 0 0 0 0 0 0 0 0 0 0 0 0 0 0 0 0 0 0 0 0 0 0 0 0 0 0 0 
0 0 0 0 0 0 0 0 0 0 0 0 0 0 0 0 0 0 0 0 0 0 0 0 0 0 0 0 0 0 0 0 0 0 0 0 0 0 0 
0 0 0 0 0 0 0 0 0 0 0 0 0 0 0 0 0 0 0 0 0 0 0 0 0 0 0 0 0 0 0 0 0 0 0 0 0 0 0 
0 0 0 0 0 0 0 0 0 0 0 0 0 0 0 0 0 0 0 0 0 0 0 0 0 0 0 0 0 0 0 0 0 0 0 0 0 0 0 
0 0 0 0 0 0 0 0 0 0 0 0 0 0 0 0 0 0 0 0 0 0 0 0 0 0 0 0 0 0 0 0 0 0 0 0 0 0 0 
0 0 0 0 0 0 0 0 0 0 0 0 0 0 0 0 0 0 0 0 0 0 0 0 0 0 0 0 0 0 0 0 0 0 0 0 0 0 0 
0 0 0 0 0 0 0 0 0 0 0 0 0 0 0 0 0 0 0 0 0 0 0 0 0 0 0 0 0 0 0 0 0 0 0 0 0 0 0 
0 0 0 0 0 0 0 0 0 0 0 0 0 0 0 0 0 0 0 0 0 0 0 0 0 0 0 0 0 0 0 0 0 0 0 0 0 0 0 
0 0 0 0 0 0 0 0 0 0 0 0 0 0 0 0 0 0 0 0 0 0 0 0 0 0 0 0 0 0 0 0 0 0 0 0 0 0 0 
0 0 0 0 0 0 0 0 0 0 0 0 0 0 0 0 0 0 0 0 0 0 0 0 0 0 0 0 0 0 0 0 0 0 0 0 0 0 0 
0 0 0 0 0 0 0 0 0 0 0 0 0 0 0 0 0 0 0 0 0 0 0 0 0 0 0 0 0 0 0 0 0 0 0 0 0 0 0 
0 0 0 0 0 0 0 0 0 0 0 0 0 0 0 0 0 0 0 0 0 0 0 0 0 0 0 0 0 0 0 0 0 0 0 0 0 0 0 
0 0 0 0 0 0 0 0 0 0 0 0 0 0 0 0 0 0 0 0 0 0 0 0 0 0 0 0 0 0 0 0 0 0 0 0 0 0 0 
0 0 0 0 0 0 0 0 0 0 0 0 0 0 0 0 0 0 0 0 0 0 0 0 0 0 0 0 0 0 0 0 0 0 0 0 0 0 0 
0 0 0 0 0 0 0 0 0 0 0 0 0 0 0 0 0 0 0 0 0 0 0 0 0 0 0 0 0 0 0 0 0 0 0 0 0 0 0 
0 0 0 0 0 0 0 0 0 0 0 0 0 0 0 0 0 0 0 0 0 0 0 0 0 0 0 0 0 0 0 0 0 0 0 0 0 0 0 
0 0 0 0 0 0 0 0 0 0 0 0 0 0 0 0 0 0 0 0 0 0 0 0 0 0 0 0 0 0 0 0 0 0 0 0 0 0 0 
0 0 0 0 0 0 0 0 0 0 0 0 0 0 0 0 0 0 0 0 0 0 0 0 0 0 0 0 0 0 0 0 0 0 0 0 0 0 0 
0 0 0 0 0 0 0 0 0 0 0 0 0 0 0 0 0 0 0 0 0 0 0 0 0 0 0 0 0 0 0 0 0 0 0 0 0 0 0 
0 0 0 0 0 0 0 0 0 0 0 0 0 0 0 0 0 0 0 0 0 0 0 0 0 0 0 0 0 0 0 0 0 0 0 0 0 0 0 
0 0 0 0 0 0 0 0 0 0 0 0 0 0 0 0 0 0 0 0 0 0 0 0 0 0 0 0 0 0 0 0 0 0 0 0 0 0 0 
0 0 0 0 0 0 0 0 0 0 0 0 0 0 0 0 0 0 0 0 0 0 0 0 0 0 0 0 0 0 0 0 0 0 0 0 0 0 0 
0 0 0 0 0 0 0 0 0 0 0 0 0 0 0 0 0 0 0 0 0 0 0 0 0 0 0 0 0 0 0 0 0 0 0 0 0 0 0 
0 0 0 0 0 0 0 0 0 0 0 0 0 0 0 0 0 0 0 0 0 0 0 0 0 0 0 0 0 0 0 0 0 0 0 0 0 0 0 
0 0 0 0 0 0 0 0 0 0 0 0 0 0 0 0 0 0 0 0 0 0 0 0 0 0 0 0 0 0 0 0 0 0 0 0 0 0 0 
0 0 0 0 0 0 0 0 0 0 0 0 0 0 0 0 0 0 0 0 0 0 0 0 0 0 0 0 0 0 0 0 0 0 0 0 0 0 0 
0 0 0 0 0 0 0 0 0 0 0 0 0 0 0 0 0 0 0 0 0 0 0 0 0 0 0 0 0 0 0 0 0 0 0 0 0 0 0 
0 0 0 0 0 0 0 0 0 0 0 0 0 0 0 0 0 0 0 0 0 0 0 0 0 0 0 0 0 0 0 0 0 0 0 0 0 0 0 
0 0 0 0 0 0 0 0 0 0 0 0 0 0 0 0 0 0 0 0 0 0 0 0 0 0 0 0 0 0 0 0 0 0 0 0 0 0 0 
0 0 0 0 0 0 0 0 0 0 0 0 0 0 0 0 0 0 0 0 0 0 0 0 0 0 0 0 0 0 0 0 0 0 0 0 0 0 0 
0 0 0 0 0 0 0 0 0 0 0 0 0 0 0 0 0 0 0 0 0 0 0 0 0 0 0 0 0 0 0 0 0 0 0 0 0 0 0 
0 0 0 0 0 0 0 0 0 0 0 0 0 0 0 0 0 0 0 0 0 0 0 0 0 0 0 0 0 0 0 0 0 0 0 0 0 0 0 
0 0 0 0 0 0 0 0 0 0 0 0 0 0 0 0 0 0 0 0 0 0 0 0 0 0 0 0 0 0 0 0 0 0 0 0 0 0 0 
0 0 0 0 0 0 0 0 0 0 0 0 0 0 0 0 0 0 0 0 0 0 0 0 0 0 0 0 0 0 0 0 0 0 0 0 0 0 0 
0 0 0 0 0 0 0 0 0 0 0 0 0 0 0 0 0 0 0 0 0 0 0 0 0 0 0 0 0 0 0 0 0 0 0 0 0 0 0 
0 0 0 0 0 0 0 0 0 0 0 0 0 0 0 0 0 0 0 0 0 0 0 0 0 0 0 0 0 0 0 0 0 0 0 0 0 0 0 
0 0 0 0 0 0 0 0 0 0 0 0 0 0 0 0 0 0 0 0 0 0 0 0 0 0 0 0 0 0 0 0 0 0 0 0 0 0 0 
0 0 0 0 0 0 0 0 0 0 0 0 0 0 0 0 0 0 0 0 0 0 0 0 0 0 0 0 0 0 0 0 0 0 0 0 0 0 0 
0 0 0 0 0 0 0 0 0 0 0 0 0 0 0 0 0 0 0 0 0 0 0 0 0 0 0 0 0 0 0 0 0 0 0 0 0 0 0 
0 0 0 0 0 0 0 0 0 0 0 0 0 0 0 0 0 0 0 0 0 0 0 0 0 0 0 0 0 0 0 0 0 0 0 0 0 0 0 
0 0 0 0 0 0 0 0 0 0 0 0 0 0 0 0 0 0 0 0 0 0 0 0 0 0 0 0 0 0 0 0 0 0 0 0 0 0 0 
0 0 0 0 0 0 0 0 0 0 0 0 0 0 0 0 0 0 0 0 0 0 0 0 0 0 0 0 0 0 0 0 0 0 0 0 0 0 0 
0 0 0 0 0 0 0 0 0 0 0 0 0 0 0 0 0 0 0 0 0 0 0 0 0 0 0 0 0 0 0 0 0 0 0 0 0 0 0 
0 0 0 0 0 0 0 0 0 0 0 0 0 0 0 0 0 0 0 0 0 0 0 0 0 0 0 0 0 0 0 0 0 0 0 0 0 0 0 
0 0 0 0 0 0 0 0 0 0 0 0 0 0 0 0 0 0 0 0 0 0 0 0 0 0 0 0 0 0 0 0 0 0 0 0 0 0 0 
0 0 0 0 0 0 0 0 0 0 0 0 0 0 0 0 0 0 0 0 0 0 0 0 0 0 0 0 0 0 0 0 0 0 0 0 0 0 0 
0 0 0 0 0 0 0 0 0 0 0 0 0 0 0 0 0 0 0 0 0 0 0 0 0 0 0 0 0 0 0 0 0 0 0 0 0 0 0 
0 0 0 0 0 0 0 0 0 0 0 0 0 0 0 0 0 0 0 0 0 0 0 0 0 0 0 0 0 0 0 0 0 0 0 0 0 0 0 
0 0 0 0 0 0 0 0 0 0 0 0 0 0 0 0 0 0 0 0 0 0 0 0 0 0 0 0 0 0 0 0 0 0 0 0 0 0 0 
0 0 0 0 0 0 0 0 0 0 0 0 0 0 0 0 0 0 0 0 0 0 0 0 0 0 0 0 0 0 0 0 0 0 0 0 0 0 0 
0 0 0 0 0 0 0 0 0 0 0 0 0 0 0 0 0 0 0 0 0 0 0 0 0 0 0 0 0 0 0 0 0 0 0 0 0 0 0 
0 0 0 0 0 0 0 0 0 0 0 0 0 0 0 0 0 0 0 0 0 0 0 0 0 0 0 0 0 0 0 0 0 0 0 0 0 0 0 
0 0 0 0 0 0 0 0 0 0 0 0 0 0 0 0 0 0 0 0 0 0 0 0 0 0 0 0 0 0 0 0 0 0 0 0 0 0 0 
0 0 0 0 0 0 0 0 0 0 0 0 0 0 0 0 0 0 0 0 0 0 0 0 0 0 0 0 0 0 0 0 0 0 0 0 0 0 0 
0 0 0 0 0 0 0 0 0 0 0 0 0 0 0 0 0 0 0 0 0 0 0 0 0 0 0 0 0 0 0 0 0 0 0 0 0 0 0 
0 0 0 0 0 0 0 0 0 0 0 0 0 0 0 0 0 0 0 0 0 0 0 0 0 0 0 0 0 0 0 0 0 0 0 0 0 0 0 
0 0 0 0 0 0 0 0 0 0 0 0 0 0 0 0 0 0 0 0 0 0 0 0 0 0 0 0 0 0 0 0 0 0 0 0 0 0 0 
0 0 0 0 0 0 0 0 0 0 0 0 0 0 0 0 0 0 0 0 0 0 0 0 0 0 0 0 0 0 0 0 0 0 0 0 0 0 0 
0 0 0 0 0 0 0 0 0 0 0 0 0 0 0 0 0 0 0 0 0 0 0 0 0 0 0 0 0 0 0 0 0 0 0 0 0 0 0 
0 0 0 0 0 0 0 0 0 0 0 0 0 0 0 0 0 0 0 0 0 0 0 0 0 0 0 0 0 0 0 0 0 0 0 0 0 0 0 
0 0 0 0 0 0 0 0 0 0 0 0 0 0 0 0 0 0 0 0 0 0 0 0 0 0 0 0 0 0 0 0 0 0 0 0 0 0 0 
0 0 0 0 0 0 0 0 0 0 0 0 0 0 0 0 0 0 0 0 0 0 0 0 0 0 0 0 0 0 0 0 0 0 0 0 0 0 0 
0 0 0 0 0 0 0 0 0 0 0 0 0 0 0 0 0 0 0 0 0 0 0 0 0 0 0 0 0 0 0 0 0 0 0 0 0 0 0 
0 0 0 0 0 0 0 0 0 0 0 0 0 0 0 0 0 0 0 0 0 0 0 0 0 0 0 0 0 0 0 0 0 0 0 0 0 0 0 
0 0 0 0 0 0 0 0 0 0 0 0 0 0 0 0 0 0 0 0 0 0 0 0 0 0 0 0 0 0 0 0 0 0 0 0 0 0 0 
0 0 0 0 0 0 0 0 0 0 0 0 0 0 0 0 0 0 0 0 0 0 0 0 0 0 0 0 0 0 0 0 0 0 0 0 0 0 0 
0 0 0 0 0 0 0 0 0 0 0 0 0 0 0 0 0 0 0 0 0 0 0 0 0 0 0 0 0 0 0 0 0 0 0 0 0 0 0 
0 0 0 0 0 0 0 0 0 0 0 0 0 0 0 0 0 0 0 0 0 0 0 0 0 0 0 0 0 0 0 0 0 0 0 0 0 0 0 
0 0 0 0 0 0 0 0 0 0 0 0 0 0 0 0 0 0 0 0 0 0 0 0 0 0 0 0 0 0 0 0 0 0 0 0 0 0 0 
0 0 0 0 0 0 0 0 0 0 0 0 0 0 0 0 0 0 0 0 0 0 0 0 0 0 0 0 0 0 0 0 0 0 0 0 0 0 0 
0 0 0 0 0 0 0 0 0 0 0 0 0 0 0 0 0 0 0 0 0 0 0 0 0 0 0 0 0 0 0 0 0 0 0 0 0 0 0 
0 0 0 0 0 0 0 0 0 0 0 0 0 0 0 0 0 0 0 0 0 0 0 0 0 0 0 0 0 0 0 0 0 0 0 0 0 0 0 
0 0 0 0 0 0 0 0 0 0 0 0 0 0 0 0 0 0 0 0 0 0 0 0 0 0 0 0 0 0 0 0 0 0 0 0 0 0 0 
0 0 0 0 0 0 0 0 0 0 0 0 0 0 0 0 0 0 0 0 0 0 0 0 0 0 0 0 0 0 0 0 0 0 0 0 0 0 0 
0 0 0 0 0 0 0 0 0 0 0 0 0 0 0 0 0 0 0 0 0 0 0 0 0 0 0 0 0 0 0 0 0 0 0 0 0 0 0 
0 0 0 0 0 0 0 0 0 0 0 0 0 0 0 0 0 0 0 0 0 0 0 0 0 0 0 0 0 0 0 0 0 0 0 0 0 0 0 
0 0
##$VisuCoreDataMax=( 3200 )
23 3276 4341 24 30 2098 2780 29 24 1256 2077 26 30 930 1767 28 33 754 1558 30 
24 613 1307 23 26 461 962 24 28 340 782 25 29 262 537 23 37 196 445 29 34 
4566 4591 36 32 2837 3001 29 30 1745 2394 30 45 1166 1989 32 33 816 1729 22 
35 654 1446 23 27 527 1129 27 25 399 909 25 30 296 716 26 38 218 563 24 28 
5293 6137 35 30 3575 3915 37 28 2501 2709 34 43 1724 2189 29 27 1288 1719 37 
38 847 1409 28 31 579 1032 28 25 427 824 28 32 339 639 29 36 288 538 31 29 
6401 6929 31 30 4059 4657 36 32 2529 3492 29 23 1676 2857 33 32 1170 2371 30 
27 802 1976 29 24 633 1433 30 35 407 1145 22 27 313 806 30 28 279 671 32 22 
5330 8340 33 36 3264 5230 36 36 2050 3126 32 31 1515 1963 34 33 1188 1473 32 
33 948 1166 32 32 728 895 33 34 638 716 17 22 781 656 20 31 714 548 26 31 
7649 10235 33 32 4966 6453 32 46 3302 3885 35 35 2236 2793 26 33 1943 2068 28 
31 1551 1690 32 28 1191 1066 31 27 937 843 30 24 768 494 20 34 770 433 28 33 
20275 16435 45 44 12755 10387 60 50 7809 5743 53 45 5251 4066 52 53 3440 2112 
41 36 2405 1432 37 50 1652 1071 31 48 1243 885 36 41 867 784 28 31 735 667 20 
74 32688 26985 81 93 20100 16981 100 107 12217 9372 98 118 8753 6522 98 93 
6208 3547 77 75 4672 2618 63 70 2875 1080 52 45 1970 808 49 42 1182 827 29 38 
928 886 43 64 31690 27921 79 92 19257 17830 109 107 11597 10671 97 108 7269 
8423 103 100 4711 5593 85 78 3204 4424 81 68 1689 2482 72 51 1002 1861 55 38 
914 1101 52 32 765 916 39 37 19273 17105 49 44 11791 11047 47 51 7048 6414 62 
46 4485 4725 48 48 2882 2970 45 42 1687 2379 45 30 1036 1603 40 33 906 1239 
31 27 790 872 29 29 685 744 27 28 12053 6820 30 34 7766 4444 45 32 5090 2837 
46 42 3087 2057 30 32 2376 1705 31 40 1895 1377 25 45 1264 1025 31 25 960 927 
27 25 595 788 31 34 480 862 29 36 9735 4569 39 36 6220 2923 33 32 4141 1719 
43 32 2367 1381 52 21 1666 1012 25 24 1136 841 31 27 921 635 25 32 759 716 35 
29 675 720 24 27 545 784 22 27 7067 5474 27 26 4913 3460 21 29 3559 2060 26 
36 2855 1468 29 26 2413 940 44 32 2009 718 28 23 1527 501 29 29 1175 380 28 
31 849 300 24 30 673 308 25 25 6647 4504 37 32 4180 2898 34 34 2878 2083 30 
35 2237 1543 32 33 1821 1016 32 28 1496 744 35 27 1132 543 23 24 897 425 28 
28 702 320 31 21 555 287 33 31 5228 3992 35 31 3465 2484 29 27 2602 1451 36 
34 2142 1056 35 39 1873 765 25 28 1601 601 33 30 1247 461 27 24 984 409 26 27 
747 266 29 30 614 246 23 24 4517 2592 29 24 2987 1722 23 29 2238 1104 24 29 
1847 835 29 25 1627 704 25 32 1381 565 30 25 1063 386 32 24 828 310 24 28 647 
240 25 28 557 192 23 25 3244 4302 27 30 2070 2765 28 36 1280 2117 31 35 922 
1781 28 35 757 1571 28 37 612 1329 30 29 443 971 28 28 332 770 29 33 263 537 
28 24 197 454 23 23 4547 4583 44 35 2858 3009 36 33 1771 2414 33 38 1184 2001 
24 31 821 1727 37 26 640 1454 37 28 528 1129 22 29 392 905 26 34 288 676 17 
30 217 561 29 34 5310 6057 29 28 3560 3848 30 25 2503 2711 31 38 1748 2200 32 
47 1241 1703 26 30 844 1404 33 29 567 1045 32 33 439 813 26 31 333 616 35 26 
311 537 34 24 6392 6942 33 25 4035 4642 35 24 2538 3494 40 32 1665 2853 27 32 
1165 2364 35 30 797 1973 33 30 635 1452 26 28 403 1153 19 26 281 811 22 25 
291 664 22 29 5349 8275 30 36 3263 5206 33 39 2048 3126 23 32 1494 1950 30 51 
1183 1482 28 29 922 1134 36 30 690 906 32 27 648 707 29 29 773 626 21 35 732 
534 26 26 7571 10157 35 34 4939 6399 36 38 3298 3870 32 35 2202 2811 30 25 
1914 2082 24 35 1519 1709 26 34 1157 1086 30 27 926 838 25 28 764 508 22 29 
762 447 24 30 20271 16275 55 51 12776 10323 56 47 7815 5688 60 48 5249 4034 
44 50 3442 2077 42 51 2405 1422 37 41 1669 1075 28 45 1230 898 31 40 872 776 
36 40 708 658 27 64 32602 26938 81 100 20005 16927 98 99 12144 9333 108 101 
8716 6492 106 93 6189 3486 91 85 4648 2626 80 63 2873 1097 41 45 1977 788 57 
46 1185 814 39 35 921 898 32 58 31663 27786 77 87 19215 17805 98 100 11559 
10669 102 107 7177 8404 106 101 4641 5588 85 74 3219 4430 68 68 1651 2481 55 
41 968 1847 54 40 916 1075 30 40 796 925 43 36 19226 17149 51 56 11789 11060 
60 54 7063 6383 48 61 4508 4700 52 50 2895 2965 59 32 1668 2410 66 37 1038 
1605 36 33 910 1256 33 30 800 875 41 31 699 752 34 30 12081 6837 28 34 7777 
4460 44 38 5072 2845 43 52 3073 2060 31 37 2374 1714 30 35 1913 1386 25 24 
1271 1029 26 33 936 921 32 28 588 770 26 36 461 850 31 27 9735 4587 41 30 
6183 2936 36 46 4104 1728 39 34 2353 1388 36 28 1660 1014 40 28 1135 865 33 
28 928 624 27 31 749 712 38 28 660 729 22 28 559 800 27 28 7068 5459 31 25 
4919 3454 30 29 3551 2082 30 25 2837 1474 26 28 2396 946 30 27 2024 717 27 39 
1535 502 24 35 1168 373 30 28 854 296 34 24 661 324 34 23 6677 4493 40 41 
4175 2903 40 33 2903 2082 46 28 2253 1511 33 30 1861 1023 29 32 1524 752 28 
28 1142 523 20 25 871 420 30 28 695 339 31 25 577 288 25 20 5207 3985 26 34 
3457 2501 32 37 2579 1446 38 30 2108 1051 27 21 1863 761 27 25 1581 612 24 31 
1256 478 22 24 979 398 19 26 754 282 28 25 614 241 27 29 4519 2589 27 28 3015 
1719 31 32 2241 1117 40 32 1830 843 33 36 1615 731 28 34 1392 583 32 27 1054 
384 28 33 804 302 28 25 629 218 27 40 533 197 26 29 3258 4321 28 33 2044 2799 
25 31 1296 2116 24 39 965 1796 28 28 756 1574 36 31 635 1317 23 26 451 981 42 
30 328 783 28 33 252 542 33 23 192 466 25 31 4551 4571 29 28 2850 3001 22 25 
1776 2384 32 23 1180 1989 30 28 801 1736 30 30 622 1458 29 18 508 1137 27 29 
406 888 26 25 292 667 24 26 234 563 23 24 5283 6077 25 30 3575 3859 38 26 
2524 2701 35 40 1730 2192 37 35 1280 1730 29 31 846 1409 22 22 579 1042 30 28 
450 804 27 26 345 652 31 33 295 545 20 33 6383 6959 34 25 4022 4671 34 26 
2521 3512 34 30 1653 2861 23 27 1152 2380 36 26 834 1983 39 29 608 1428 24 27 
401 1137 23 31 280 808 29 32 282 674 34 27 5376 8278 25 43 3284 5206 28 35 
2047 3132 39 38 1506 1956 31 40 1195 1457 29 31 950 1154 23 27 679 907 33 22 
640 702 30 35 782 635 27 23 732 533 31 29 7629 10233 27 35 4967 6475 44 43 
3324 3887 33 32 2228 2834 38 46 1941 2092 24 39 1552 1732 33 25 1189 1104 29 
29 924 846 26 29 764 519 25 27 776 450 25 38 20345 16381 40 60 12812 10394 56 
44 7823 5706 49 56 5252 4050 51 58 3458 2119 50 54 2402 1433 44 49 1652 1076 
27 43 1240 886 26 33 864 765 30 29 722 666 31 53 32767 27061 90 87 20123 
16954 101 111 12203 9354 110 98 8767 6505 95 98 6225 3501 72 79 4687 2651 71 
63 2873 1115 62 73 1971 802 42 43 1190 825 39 34 928 902 32 61 31687 27916 83 
87 19222 17903 116 102 11594 10703 104 115 7172 8437 91 95 4657 5622 81 80 
3232 4437 85 59 1629 2474 63 39 988 1863 52 39 907 1088 44 32 785 911 40 36 
19397 17199 48 56 11887 11064 52 54 7129 6388 55 56 4551 4733 47 46 2896 2940 
44 39 1714 2386 39 36 1031 1586 43 32 889 1225 38 24 792 876 27 24 697 737 24 
29 12147 6841 37 41 7818 4473 38 36 5124 2858 32 34 3093 2082 45 31 2390 1744 
26 46 1897 1386 26 28 1288 1013 33 20 947 925 28 24 593 784 19 27 480 854 25 
45 9801 4564 44 27 6220 2960 33 23 4118 1733 38 30 2381 1371 41 47 1649 1005 
30 40 1148 859 28 24 911 633 24 23 750 721 32 24 663 733 24 30 569 808 22 26 
7106 5514 30 36 4916 3486 31 34 3565 2096 28 25 2846 1486 27 27 2420 951 31 
24 2024 720 24 21 1532 501 24 25 1175 375 25 37 856 307 29 22 673 308 27 30 
6737 4504 32 31 4209 2930 50 25 2899 2074 31 30 2243 1514 23 29 1867 1032 25 
26 1525 763 29 24 1126 545 35 30 885 421 26 24 706 338 33 22 561 292 28 39 
5172 4050 26 25 3468 2531 35 35 2605 1437 48 32 2148 1062 28 37 1856 772 34 
29 1597 598 37 21 1255 476 34 28 993 370 27 28 758 276 24 28 615 225 27 30 
4556 2616 26 26 3013 1747 34 29 2236 1113 28 25 1852 852 30 31 1645 717 31 30 
1383 568 23 27 1064 399 27 31 825 323 28 37 635 213 27 19 540 194 27 24 3275 
4349 29 31 2088 2784 39 31 1259 2121 23 41 947 1785 24 28 757 1566 22 35 616 
1314 31 32 459 995 21 34 354 779 27 22 253 540 24 24 196 466 21 33 4556 4593 
25 27 2848 3017 30 30 1750 2413 31 29 1163 1993 29 32 815 1730 22 29 633 1465 
23 29 516 1136 24 25 409 892 24 28 295 698 27 22 217 558 30 23 5311 6139 35 
28 3570 3903 31 28 2501 2716 39 27 1714 2204 43 39 1273 1723 27 27 850 1414 
27 26 582 1050 29 24 446 834 24 32 328 631 25 24 298 565 20 29 6420 6964 24 
27 4033 4657 30 24 2533 3503 32 29 1665 2864 31 35 1140 2384 23 33 805 1969 
29 28 614 1441 30 24 405 1141 23 31 285 814 36 22 294 675 23 25 5360 8384 24 
44 3293 5254 33 38 2066 3142 32 42 1487 1966 36 30 1191 1455 27 35 949 1152 
23 22 682 898 30 21 615 688 31 30 789 635 24 30 720 535 27 25 7614 10255 33 
38 4963 6470 31 44 3294 3894 28 47 2222 2825 36 37 1930 2102 27 32 1557 1720 
33 30 1176 1075 25 25 937 851 25 28 779 512 26 43 767 448 22 29 20382 16404 
45 42 12808 10369 61 53 7807 5740 46 45 5236 4075 48 40 3427 2090 39 45 2434 
1427 34 56 1662 1072 28 41 1225 895 32 37 867 778 23 32 707 650 32 65 32715 
26965 103 97 20100 16951 102 116 12190 9328 103 116 8777 6472 94 85 6209 3483 
80 88 4650 2614 75 78 2872 1083 58 56 1967 796 42 46 1196 833 33 39 925 906 
35 54 31683 27880 86 88 19217 17846 103 106 11573 10693 109 102 7184 8431 111 
86 4661 5608 86 81 3238 4420 71 56 1659 2477 48 44 979 1860 48 38 929 1100 36 
39 768 929 35 31 19327 17283 51 40 11852 11125 48 58 7104 6396 52 64 4528 
4720 43 51 2892 2983 47 39 1684 2415 46 35 1024 1567 43 23 915 1240 38 29 801 
868 30 24 700 737 25 26 12146 6892 32 30 7820 4503 37 29 5101 2886 53 33 3099 
2091 46 37 2382 1753 24 31 1914 1407 26 30 1281 1029 34 22 951 954 22 30 599 
766 33 27 474 857 21 28 9873 4600 42 38 6273 2945 39 33 4134 1747 34 28 2385 
1387 28 30 1649 1008 39 27 1142 848 29 20 910 631 30 27 761 708 25 22 674 734 
26 23 552 800 20 44 7076 5468 38 34 4929 3448 36 47 3585 2083 37 34 2849 1462 
28 30 2413 927 28 28 2029 711 24 37 1529 501 28 29 1188 381 31 26 844 310 27 
26 675 306 32 21 6701 4522 30 30 4199 2904 36 28 2891 2095 25 30 2247 1530 32 
26 1855 1037 33 31 1502 758 22 28 1137 542 29 30 893 417 28 28 713 344 27 32 
579 279 25 33 5199 4006 31 35 3472 2515 31 27 2599 1443 28 36 2145 1078 22 27 
1864 754 28 25 1599 589 21 25 1253 471 40 20 1006 380 31 23 752 280 32 25 627 
243 31 27 4543 2607 25 37 2989 1740 42 32 2233 1112 33 32 1835 855 21 28 1626 
718 22 23 1389 563 31 25 1060 396 32 24 828 297 28 32 653 216 26 21 546 194 
29 43 3281 4343 38 45 2097 2798 31 26 1264 2111 23 30 948 1801 35 43 756 1580 
45 43 624 1317 24 32 461 970 28 34 352 778 22 30 260 547 36 23 211 501 31 35 
4589 4590 48 27 2860 3021 42 45 1757 2420 33 41 1194 1986 32 32 824 1730 28 
28 634 1444 33 30 511 1132 32 26 394 885 26 28 276 671 29 27 214 554 23 34 
5307 6147 31 26 3588 3911 46 29 2514 2724 30 26 1736 2193 37 29 1266 1718 25 
30 841 1416 26 25 577 1036 26 30 449 818 28 29 328 645 21 25 294 574 29 27 
6426 6968 26 31 4066 4663 28 41 2558 3517 26 30 1678 2852 26 28 1150 2379 35 
32 823 1974 32 36 612 1455 32 35 405 1137 34 34 297 793 30 36 296 666 30 26 
5343 8405 38 44 3326 5263 34 36 2045 3182 30 34 1519 1985 34 33 1182 1514 27 
33 943 1188 28 32 690 889 31 29 626 713 21 24 758 629 22 26 734 533 25 30 
7644 10250 27 28 4964 6466 32 42 3331 3875 37 36 2238 2819 41 35 1948 2070 29 
33 1553 1725 30 25 1170 1083 29 24 917 866 37 27 782 516 24 27 771 447 26 33 
20400 16389 60 54 12826 10370 59 47 7808 5751 51 40 5227 4038 47 53 3445 2103 
41 48 2430 1426 38 35 1658 1069 27 43 1238 866 22 49 865 752 26 35 711 651 26 
66 32749 27016 81 110 20076 16978 99 110 12189 9358 104 117 8769 6513 94 87 
6235 3524 77 82 4689 2640 71 60 2894 1104 48 63 1983 798 47 46 1165 810 32 39 
910 905 28 59 31780 27984 87 91 19256 17947 115 107 11611 10732 111 101 7212 
8476 101 92 4656 5632 89 76 3247 4474 71 69 1680 2490 70 50 971 1866 53 49 
918 1089 41 52 792 928 29 30 19263 17274 40 60 11797 11116 54 70 7098 6407 47 
55 4478 4720 47 41 2871 3002 46 50 1659 2413 40 42 1050 1604 48 34 907 1227 
29 31 787 871 37 35 666 749 36 29 12153 6850 30 29 7824 4494 45 49 5118 2874 
30 38 3112 2091 40 35 2369 1743 29 26 1904 1403 35 32 1283 1023 24 37 956 949 
26 23 599 778 28 28 478 856 28 39 9839 4618 38 45 6256 2958 38 32 4157 1742 
55 34 2403 1379 31 35 1664 1006 26 30 1142 844 32 28 922 637 29 27 760 706 33 
31 656 740 29 27 538 802 28 33 7066 5507 27 30 4924 3477 32 36 3558 2077 35 
35 2856 1503 27 34 2412 946 24 24 2025 725 26 28 1542 484 25 32 1188 395 33 
34 872 299 28 20 685 297 33 23 6676 4498 35 48 4177 2905 33 36 2851 2086 39 
47 2231 1513 31 32 1833 1011 31 29 1500 752 22 25 1130 551 34 28 901 407 27 
25 700 329 30 29 585 272 26 28 5221 4007 29 31 3500 2492 36 39 2592 1444 31 
39 2146 1044 24 29 1860 763 30 27 1600 609 31 29 1256 477 34 25 991 400 23 34 
742 268 23 22 634 242 31 38 4542 2618 34 24 3001 1740 21 31 2251 1135 29 25 
1838 838 29 27 1627 723 27 28 1394 585 31 31 1064 379 28 22 816 322 31 28 642 
227 26 20 537 177 23
$$ @vis= VisuCoreDimDesc VisuCoreExtent VisuCoreUnits VisuCoreDataMin
##$VisuCoreDataOffs=( 3200 )
0 0 0 0 0 0 0 0 0 0 0 0 0 0 0 0 0 0 0 0 0 0 0 0 0 0 0 0 0 0 0 0 0 0 0 0 0 0 0 
0 0 0 0 0 0 0 0 0 0 0 0 0 0 0 0 0 0 0 0 0 0 0 0 0 0 0 0 0 0 0 0 0 0 0 0 0 0 0 
0 0 0 0 0 0 0 0 0 0 0 0 0 0 0 0 0 0 0 0 0 0 0 0 0 0 0 0 0 0 0 0 0 0 0 0 0 0 0 
0 0 0 0 0 0 0 0 0 0 0 0 0 0 0 0 0 0 0 0 0 0 0 0 0 0 0 0 0 0 0 0 0 0 0 0 0 0 0 
0 0 0 0 0 0 0 0 0 0 0 0 0 0 0 0 0 0 0 0 0 0 0 0 0 0 0 0 0 0 0 0 0 0 0 0 0 0 0 
0 0 0 0 0 0 0 0 0 0 0 0 0 0 0 0 0 0 0 0 0 0 0 0 0 0 0 0 0 0 0 0 0 0 0 0 0 0 0 
0 0 0 0 0 0 0 0 0 0 0 0 0 0 0 0 0 0 0 0 0 0 0 0 0 0 0 0 0 0 0 0 0 0 0 0 0 0 0 
0 0 0 0 0 0 0 0 0 0 0 0 0 0 0 0 0 0 0 0 0 0 0 0 0 0 0 0 0 0 0 0 0 0 0 0 0 0 0 
0 0 0 0 0 0 0 0 0 0 0 0 0 0 0 0 0 0 0 0 0 0 0 0 0 0 0 0 0 0 0 0 0 0 0 0 0 0 0 
0 0 0 0 0 0 0 0 0 0 0 0 0 0 0 0 0 0 0 0 0 0 0 0 0 0 0 0 0 0 0 0 0 0 0 0 0 0 0 
0 0 0 0 0 0 0 0 0 0 0 0 0 0 0 0 0 0 0 0 0 0 0 0 0 0 0 0 0 0 0 0 0 0 0 0 0 0 0 
0 0 0 0 0 0 0 0 0 0 0 0 0 0 0 0 0 0 0 0 0 0 0 0 0 0 0 0 0 0 0 0 0 0 0 0 0 0 0 
0 0 0 0 0 0 0 0 0 0 0 0 0 0 0 0 0 0 0 0 0 0 0 0 0 0 0 0 0 0 0 0 0 0 0 0 0 0 0 
0 0 0 0 0 0 0 0 0 0 0 0 0 0 0 0 0 0 0 0 0 0 0 0 0 0 0 0 0 0 0 0 0 0 0 0 0 0 0 
0 0 0 0 0 0 0 0 0 0 0 0 0 0 0 0 0 0 0 0 0 0 0 0 0 0 0 0 0 0 0 0 0 0 0 0 0 0 0 
0 0 0 0 0 0 0 0 0 0 0 0 0 0 0 0 0 0 0 0 0 0 0 0 0 0 0 0 0 0 0 0 0 0 0 0 0 0 0 
0 0 0 0 0 0 0 0 0 0 0 0 0 0 0 0 0 0 0 0 0 0 0 0 0 0 0 0 0 0 0 0 0 0 0 0 0 0 0 
0 0 0 0 0 0 0 0 0 0 0 0 0 0 0 0 0 0 0 0 0 0 0 0 0 0 0 0 0 0 0 0 0 0 0 0 0 0 0 
0 0 0 0 0 0 0 0 0 0 0 0 0 0 0 0 0 0 0 0 0 0 0 0 0 0 0 0 0 0 0 0 0 0 0 0 0 0 0 
0 0 0 0 0 0 0 0 0 0 0 0 0 0 0 0 0 0 0 0 0 0 0 0 0 0 0 0 0 0 0 0 0 0 0 0 0 0 0 
0 0 0 0 0 0 0 0 0 0 0 0 0 0 0 0 0 0 0 0 0 0 0 0 0 0 0 0 0 0 0 0 0 0 0 0 0 0 0 
0 0 0 0 0 0 0 0 0 0 0 0 0 0 0 0 0 0 0 0 0 0 0 0 0 0 0 0 0 0 0 0 0 0 0 0 0 0 0 
0 0 0 0 0 0 0 0 0 0 0 0 0 0 0 0 0 0 0 0 0 0 0 0 0 0 0 0 0 0 0 0 0 0 0 0 0 0 0 
0 0 0 0 0 0 0 0 0 0 0 0 0 0 0 0 0 0 0 0 0 0 0 0 0 0 0 0 0 0 0 0 0 0 0 0 0 0 0 
0 0 0 0 0 0 0 0 0 0 0 0 0 0 0 0 0 0 0 0 0 0 0 0 0 0 0 0 0 0 0 0 0 0 0 0 0 0 0 
0 0 0 0 0 0 0 0 0 0 0 0 0 0 0 0 0 0 0 0 0 0 0 0 0 0 0 0 0 0 0 0 0 0 0 0 0 0 0 
0 0 0 0 0 0 0 0 0 0 0 0 0 0 0 0 0 0 0 0 0 0 0 0 0 0 0 0 0 0 0 0 0 0 0 0 0 0 0 
0 0 0 0 0 0 0 0 0 0 0 0 0 0 0 0 0 0 0 0 0 0 0 0 0 0 0 0 0 0 0 0 0 0 0 0 0 0 0 
0 0 0 0 0 0 0 0 0 0 0 0 0 0 0 0 0 0 0 0 0 0 0 0 0 0 0 0 0 0 0 0 0 0 0 0 0 0 0 
0 0 0 0 0 0 0 0 0 0 0 0 0 0 0 0 0 0 0 0 0 0 0 0 0 0 0 0 0 0 0 0 0 0 0 0 0 0 0 
0 0 0 0 0 0 0 0 0 0 0 0 0 0 0 0 0 0 0 0 0 0 0 0 0 0 0 0 0 0 0 0 0 0 0 0 0 0 0 
0 0 0 0 0 0 0 0 0 0 0 0 0 0 0 0 0 0 0 0 0 0 0 0 0 0 0 0 0 0 0 0 0 0 0 0 0 0 0 
0 0 0 0 0 0 0 0 0 0 0 0 0 0 0 0 0 0 0 0 0 0 0 0 0 0 0 0 0 0 0 0 0 0 0 0 0 0 0 
0 0 0 0 0 0 0 0 0 0 0 0 0 0 0 0 0 0 0 0 0 0 0 0 0 0 0 0 0 0 0 0 0 0 0 0 0 0 0 
0 0 0 0 0 0 0 0 0 0 0 0 0 0 0 0 0 0 0 0 0 0 0 0 0 0 0 0 0 0 0 0 0 0 0 0 0 0 0 
0 0 0 0 0 0 0 0 0 0 0 0 0 0 0 0 0 0 0 0 0 0 0 0 0 0 0 0 0 0 0 0 0 0 0 0 0 0 0 
0 0 0 0 0 0 0 0 0 0 0 0 0 0 0 0 0 0 0 0 0 0 0 0 0 0 0 0 0 0 0 0 0 0 0 0 0 0 0 
0 0 0 0 0 0 0 0 0 0 0 0 0 0 0 0 0 0 0 0 0 0 0 0 0 0 0 0 0 0 0 0 0 0 0 0 0 0 0 
0 0 0 0 0 0 0 0 0 0 0 0 0 0 0 0 0 0 0 0 0 0 0 0 0 0 0 0 0 0 0 0 0 0 0 0 0 0 0 
0 0 0 0 0 0 0 0 0 0 0 0 0 0 0 0 0 0 0 0 0 0 0 0 0 0 0 0 0 0 0 0 0 0 0 0 0 0 0 
0 0 0 0 0 0 0 0 0 0 0 0 0 0 0 0 0 0 0 0 0 0 0 0 0 0 0 0 0 0 0 0 0 0 0 0 0 0 0 
0 0 0 0 0 0 0 0 0 0 0 0 0 0 0 0 0 0 0 0 0 0 0 0 0 0 0 0 0 0 0 0 0 0 0 0 0 0 0 
0 0 0 0 0 0 0 0 0 0 0 0 0 0 0 0 0 0 0 0 0 0 0 0 0 0 0 0 0 0 0 0 0 0 0 0 0 0 0 
0 0 0 0 0 0 0 0 0 0 0 0 0 0 0 0 0 0 0 0 0 0 0 0 0 0 0 0 0 0 0 0 0 0 0 0 0 0 0 
0 0 0 0 0 0 0 0 0 0 0 0 0 0 0 0 0 0 0 0 0 0 0 0 0 0 0 0 0 0 0 0 0 0 0 0 0 0 0 
0 0 0 0 0 0 0 0 0 0 0 0 0 0 0 0 0 0 0 0 0 0 0 0 0 0 0 0 0 0 0 0 0 0 0 0 0 0 0 
0 0 0 0 0 0 0 0 0 0 0 0 0 0 0 0 0 0 0 0 0 0 0 0 0 0 0 0 0 0 0 0 0 0 0 0 0 0 0 
0 0 0 0 0 0 0 0 0 0 0 0 0 0 0 0 0 0 0 0 0 0 0 0 0 0 0 0 0 0 0 0 0 0 0 0 0 0 0 
0 0 0 0 0 0 0 0 0 0 0 0 0 0 0 0 0 0 0 0 0 0 0 0 0 0 0 0 0 0 0 0 0 0 0 0 0 0 0 
0 0 0 0 0 0 0 0 0 0 0 0 0 0 0 0 0 0 0 0 0 0 0 0 0 0 0 0 0 0 0 0 0 0 0 0 0 0 0 
0 0 0 0 0 0 0 0 0 0 0 0 0 0 0 0 0 0 0 0 0 0 0 0 0 0 0 0 0 0 0 0 0 0 0 0 0 0 0 
0 0 0 0 0 0 0 0 0 0 0 0 0 0 0 0 0 0 0 0 0 0 0 0 0 0 0 0 0 0 0 0 0 0 0 0 0 0 0 
0 0 0 0 0 0 0 0 0 0 0 0 0 0 0 0 0 0 0 0 0 0 0 0 0 0 0 0 0 0 0 0 0 0 0 0 0 0 0 
0 0 0 0 0 0 0 0 0 0 0 0 0 0 0 0 0 0 0 0 0 0 0 0 0 0 0 0 0 0 0 0 0 0 0 0 0 0 0 
0 0 0 0 0 0 0 0 0 0 0 0 0 0 0 0 0 0 0 0 0 0 0 0 0 0 0 0 0 0 0 0 0 0 0 0 0 0 0 
0 0 0 0 0 0 0 0 0 0 0 0 0 0 0 0 0 0 0 0 0 0 0 0 0 0 0 0 0 0 0 0 0 0 0 0 0 0 0 
0 0 0 0 0 0 0 0 0 0 0 0 0 0 0 0 0 0 0 0 0 0 0 0 0 0 0 0 0 0 0 0 0 0 0 0 0 0 0 
0 0 0 0 0 0 0 0 0 0 0 0 0 0 0 0 0 0 0 0 0 0 0 0 0 0 0 0 0 0 0 0 0 0 0 0 0 0 0 
0 0 0 0 0 0 0 0 0 0 0 0 0 0 0 0 0 0 0 0 0 0 0 0 0 0 0 0 0 0 0 0 0 0 0 0 0 0 0 
0 0 0 0 0 0 0 0 0 0 0 0 0 0 0 0 0 0 0 0 0 0 0 0 0 0 0 0 0 0 0 0 0 0 0 0 0 0 0 
0 0 0 0 0 0 0 0 0 0 0 0 0 0 0 0 0 0 0 0 0 0 0 0 0 0 0 0 0 0 0 0 0 0 0 0 0 0 0 
0 0 0 0 0 0 0 0 0 0 0 0 0 0 0 0 0 0 0 0 0 0 0 0 0 0 0 0 0 0 0 0 0 0 0 0 0 0 0 
0 0 0 0 0 0 0 0 0 0 0 0 0 0 0 0 0 0 0 0 0 0 0 0 0 0 0 0 0 0 0 0 0 0 0 0 0 0 0 
0 0 0 0 0 0 0 0 0 0 0 0 0 0 0 0 0 0 0 0 0 0 0 0 0 0 0 0 0 0 0 0 0 0 0 0 0 0 0 
0 0 0 0 0 0 0 0 0 0 0 0 0 0 0 0 0 0 0 0 0 0 0 0 0 0 0 0 0 0 0 0 0 0 0 0 0 0 0 
0 0 0 0 0 0 0 0 0 0 0 0 0 0 0 0 0 0 0 0 0 0 0 0 0 0 0 0 0 0 0 0 0 0 0 0 0 0 0 
0 0 0 0 0 0 0 0 0 0 0 0 0 0 0 0 0 0 0 0 0 0 0 0 0 0 0 0 0 0 0 0 0 0 0 0 0 0 0 
0 0 0 0 0 0 0 0 0 0 0 0 0 0 0 0 0 0 0 0 0 0 0 0 0 0 0 0 0 0 0 0 0 0 0 0 0 0 0 
0 0 0 0 0 0 0 0 0 0 0 0 0 0 0 0 0 0 0 0 0 0 0 0 0 0 0 0 0 0 0 0 0 0 0 0 0 0 0 
0 0 0 0 0 0 0 0 0 0 0 0 0 0 0 0 0 0 0 0 0 0 0 0 0 0 0 0 0 0 0 0 0 0 0 0 0 0 0 
0 0 0 0 0 0 0 0 0 0 0 0 0 0 0 0 0 0 0 0 0 0 0 0 0 0 0 0 0 0 0 0 0 0 0 0 0 0 0 
0 0 0 0 0 0 0 0 0 0 0 0 0 0 0 0 0 0 0 0 0 0 0 0 0 0 0 0 0 0 0 0 0 0 0 0 0 0 0 
0 0 0 0 0 0 0 0 0 0 0 0 0 0 0 0 0 0 0 0 0 0 0 0 0 0 0 0 0 0 0 0 0 0 0 0 0 0 0 
0 0 0 0 0 0 0 0 0 0 0 0 0 0 0 0 0 0 0 0 0 0 0 0 0 0 0 0 0 0 0 0 0 0 0 0 0 0 0 
0 0 0 0 0 0 0 0 0 0 0 0 0 0 0 0 0 0 0 0 0 0 0 0 0 0 0 0 0 0 0 0 0 0 0 0 0 0 0 
0 0 0 0 0 0 0 0 0 0 0 0 0 0 0 0 0 0 0 0 0 0 0 0 0 0 0 0 0 0 0 0 0 0 0 0 0 0 0 
0 0 0 0 0 0 0 0 0 0 0 0 0 0 0 0 0 0 0 0 0 0 0 0 0 0 0 0 0 0 0 0 0 0 0 0 0 0 0 
0 0 0 0 0 0 0 0 0 0 0 0 0 0 0 0 0 0 0 0 0 0 0 0 0 0 0 0 0 0 0 0 0 0 0 0 0 0 0 
0 0 0 0 0 0 0 0 0 0 0 0 0 0 0 0 0 0 0 0 0 0 0 0 0 0 0 0 0 0 0 0 0 0 0 0 0 0 0 
0 0 0 0 0 0 0 0 0 0 0 0 0 0 0 0 0 0 0 0 0 0 0 0 0 0 0 0 0 0 0 0 0 0 0 0 0 0 0 
0 0 0 0 0 0 0 0 0 0 0 0 0 0 0 0 0 0 0 0 0 0 0 0 0 0 0 0 0 0 0 0 0 0 0 0 0 0 0 
0 0 0 0 0 0 0 0 0 0 0 0 0 0 0 0 0 0 0 0 0 0 0 0 0 0 0 0 0 0 0 0 0 0 0 0 0 0 0 
0 0
##$VisuCoreDataSlope=( 3200 )
2.98742633249661 2.98742633249661 2.98742633249661 2.98742633249661 
2.98742633249661 2.98742633249661 2.98742633249661 2.98742633249661 
2.98742633249661 2.98742633249661 2.98742633249661 2.98742633249661 
2.98742633249661 2.98742633249661 2.98742633249661 2.98742633249661 
2.98742633249661 2.98742633249661 2.98742633249661 2.98742633249661 
2.98742633249661 2.98742633249661 2.98742633249661 2.98742633249661 
2.98742633249661 2.98742633249661 2.98742633249661 2.98742633249661 
2.98742633249661 2.98742633249661 2.98742633249661 2.98742633249661 
2.98742633249661 2.98742633249661 2.98742633249661 2.98742633249661 
2.98742633249661 2.98742633249661 2.98742633249661 2.98742633249661 
2.98742633249661 2.98742633249661 2.98742633249661 2.98742633249661 
2.98742633249661 2.98742633249661 2.98742633249661 2.98742633249661 
2.98742633249661 2.98742633249661 2.98742633249661 2.98742633249661 
2.98742633249661 2.98742633249661 2.98742633249661 2.98742633249661 
2.98742633249661 2.98742633249661 2.98742633249661 2.98742633249661 
2.98742633249661 2.98742633249661 2.98742633249661 2.98742633249661 
2.98742633249661 2.98742633249661 2.98742633249661 2.98742633249661 
2.98742633249661 2.98742633249661 2.98742633249661 2.98742633249661 
2.98742633249661 2.98742633249661 2.98742633249661 2.98742633249661 
2.98742633249661 2.98742633249661 2.98742633249661 2.98742633249661 
2.98742633249661 2.98742633249661 2.98742633249661 2.98742633249661 
2.98742633249661 2.98742633249661 2.98742633249661 2.98742633249661 
2.98742633249661 2.98742633249661 2.98742633249661 2.98742633249661 
2.98742633249661 2.98742633249661 2.98742633249661 2.98742633249661 
2.98742633249661 2.98742633249661 2.98742633249661 2.98742633249661 
2.98742633249661 2.98742633249661 2.98742633249661 2.98742633249661 
2.98742633249661 2.98742633249661 2.98742633249661 2.98742633249661 
2.98742633249661 2.98742633249661 2.98742633249661 2.98742633249661 
2.98742633249661 2.98742633249661 2.98742633249661 2.98742633249661 
2.98742633249661 2.98742633249661 2.98742633249661 2.98742633249661 
2.98742633249661 2.98742633249661 2.98742633249661 2.98742633249661 
2.98742633249661 2.98742633249661 2.98742633249661 2.98742633249661 
2.98742633249661 2.98742633249661 2.98742633249661 2.98742633249661 
2.98742633249661 2.98742633249661 2.98742633249661 2.98742633249661 
2.98742633249661 2.98742633249661 2.98742633249661 2.98742633249661 
2.98742633249661 2.98742633249661 2.98742633249661 2.98742633249661 
2.98742633249661 2.98742633249661 2.98742633249661 2.98742633249661 
2.98742633249661 2.98742633249661 2.98742633249661 2.98742633249661 
2.98742633249661 2.98742633249661 2.98742633249661 2.98742633249661 
2.98742633249661 2.98742633249661 2.98742633249661 2.98742633249661 
2.98742633249661 2.98742633249661 2.98742633249661 2.98742633249661 
2.98742633249661 2.98742633249661 2.98742633249661 2.98742633249661 
2.98742633249661 2.98742633249661 2.98742633249661 2.98742633249661 
2.98742633249661 2.98742633249661 2.98742633249661 2.98742633249661 
2.98742633249661 2.98742633249661 2.98742633249661 2.98742633249661 
2.98742633249661 2.98742633249661 2.98742633249661 2.98742633249661 
2.98742633249661 2.98742633249661 2.98742633249661 2.98742633249661 
2.98742633249661 2.98742633249661 2.98742633249661 2.98742633249661 
2.98742633249661 2.98742633249661 2.98742633249661 2.98742633249661 
2.98742633249661 2.98742633249661 2.98742633249661 2.98742633249661 
2.98742633249661 2.98742633249661 2.98742633249661 2.98742633249661 
2.98742633249661 2.98742633249661 2.98742633249661 2.98742633249661 
2.98742633249661 2.98742633249661 2.98742633249661 2.98742633249661 
2.98742633249661 2.98742633249661 2.98742633249661 2.98742633249661 
2.98742633249661 2.98742633249661 2.98742633249661 2.98742633249661 
2.98742633249661 2.98742633249661 2.98742633249661 2.98742633249661 
2.98742633249661 2.98742633249661 2.98742633249661 2.98742633249661 
2.98742633249661 2.98742633249661 2.98742633249661 2.98742633249661 
2.98742633249661 2.98742633249661 2.98742633249661 2.98742633249661 
2.98742633249661 2.98742633249661 2.98742633249661 2.98742633249661 
2.98742633249661 2.98742633249661 2.98742633249661 2.98742633249661 
2.98742633249661 2.98742633249661 2.98742633249661 2.98742633249661 
2.98742633249661 2.98742633249661 2.98742633249661 2.98742633249661 
2.98742633249661 2.98742633249661 2.98742633249661 2.98742633249661 
2.98742633249661 2.98742633249661 2.98742633249661 2.98742633249661 
2.98742633249661 2.98742633249661 2.98742633249661 2.98742633249661 
2.98742633249661 2.98742633249661 2.98742633249661 2.98742633249661 
2.98742633249661 2.98742633249661 2.98742633249661 2.98742633249661 
2.98742633249661 2.98742633249661 2.98742633249661 2.98742633249661 
2.98742633249661 2.98742633249661 2.98742633249661 2.98742633249661 
2.98742633249661 2.98742633249661 2.98742633249661 2.98742633249661 
2.98742633249661 2.98742633249661 2.98742633249661 2.98742633249661 
2.98742633249661 2.98742633249661 2.98742633249661 2.98742633249661 
2.98742633249661 2.98742633249661 2.98742633249661 2.98742633249661 
2.98742633249661 2.98742633249661 2.98742633249661 2.98742633249661 
2.98742633249661 2.98742633249661 2.98742633249661 2.98742633249661 
2.98742633249661 2.98742633249661 2.98742633249661 2.98742633249661 
2.98742633249661 2.98742633249661 2.98742633249661 2.98742633249661 
2.98742633249661 2.98742633249661 2.98742633249661 2.98742633249661 
2.98742633249661 2.98742633249661 2.98742633249661 2.98742633249661 
2.98742633249661 2.98742633249661 2.98742633249661 2.98742633249661 
2.98742633249661 2.98742633249661 2.98742633249661 2.98742633249661 
2.98742633249661 2.98742633249661 2.98742633249661 2.98742633249661 
2.98742633249661 2.98742633249661 2.98742633249661 2.98742633249661 
2.98742633249661 2.98742633249661 2.98742633249661 2.98742633249661 
2.98742633249661 2.98742633249661 2.98742633249661 2.98742633249661 
2.98742633249661 2.98742633249661 2.98742633249661 2.98742633249661 
2.98742633249661 2.98742633249661 2.98742633249661 2.98742633249661 
2.98742633249661 2.98742633249661 2.98742633249661 2.98742633249661 
2.98742633249661 2.98742633249661 2.98742633249661 2.98742633249661 
2.98742633249661 2.98742633249661 2.98742633249661 2.98742633249661 
2.98742633249661 2.98742633249661 2.98742633249661 2.98742633249661 
2.98742633249661 2.98742633249661 2.98742633249661 2.98742633249661 
2.98742633249661 2.98742633249661 2.98742633249661 2.98742633249661 
2.98742633249661 2.98742633249661 2.98742633249661 2.98742633249661 
2.98742633249661 2.98742633249661 2.98742633249661 2.98742633249661 
2.98742633249661 2.98742633249661 2.98742633249661 2.98742633249661 
2.98742633249661 2.98742633249661 2.98742633249661 2.98742633249661 
2.98742633249661 2.98742633249661 2.98742633249661 2.98742633249661 
2.98742633249661 2.98742633249661 2.98742633249661 2.98742633249661 
2.98742633249661 2.98742633249661 2.98742633249661 2.98742633249661 
2.98742633249661 2.98742633249661 2.98742633249661 2.98742633249661 
2.98742633249661 2.98742633249661 2.98742633249661 2.98742633249661 
2.98742633249661 2.98742633249661 2.98742633249661 2.98742633249661 
2.98742633249661 2.98742633249661 2.98742633249661 2.98742633249661 
2.98742633249661 2.98742633249661 2.98742633249661 2.98742633249661 
2.98742633249661 2.98742633249661 2.98742633249661 2.98742633249661 
2.98742633249661 2.98742633249661 2.98742633249661 2.98742633249661 
2.98742633249661 2.98742633249661 2.98742633249661 2.98742633249661 
2.98742633249661 2.98742633249661 2.98742633249661 2.98742633249661 
2.98742633249661 2.98742633249661 2.98742633249661 2.98742633249661 
2.98742633249661 2.98742633249661 2.98742633249661 2.98742633249661 
2.98742633249661 2.98742633249661 2.98742633249661 2.98742633249661 
2.98742633249661 2.98742633249661 2.98742633249661 2.98742633249661 
2.98742633249661 2.98742633249661 2.98742633249661 2.98742633249661 
2.98742633249661 2.98742633249661 2.98742633249661 2.98742633249661 
2.98742633249661 2.98742633249661 2.98742633249661 2.98742633249661 
2.98742633249661 2.98742633249661 2.98742633249661 2.98742633249661 
2.98742633249661 2.98742633249661 2.98742633249661 2.98742633249661 
2.98742633249661 2.98742633249661 2.98742633249661 2.98742633249661 
2.98742633249661 2.98742633249661 2.98742633249661 2.98742633249661 
2.98742633249661 2.98742633249661 2.98742633249661 2.98742633249661 
2.98742633249661 2.98742633249661 2.98742633249661 2.98742633249661 
2.98742633249661 2.98742633249661 2.98742633249661 2.98742633249661 
2.98742633249661 2.98742633249661 2.98742633249661 2.98742633249661 
2.98742633249661 2.98742633249661 2.98742633249661 2.98742633249661 
2.98742633249661 2.98742633249661 2.98742633249661 2.98742633249661 
2.98742633249661 2.98742633249661 2.98742633249661 2.98742633249661 
2.98742633249661 2.98742633249661 2.98742633249661 2.98742633249661 
2.98742633249661 2.98742633249661 2.98742633249661 2.98742633249661 
2.98742633249661 2.98742633249661 2.98742633249661 2.98742633249661 
2.98742633249661 2.98742633249661 2.98742633249661 2.98742633249661 
2.98742633249661 2.98742633249661 2.98742633249661 2.98742633249661 
2.98742633249661 2.98742633249661 2.98742633249661 2.98742633249661 
2.98742633249661 2.98742633249661 2.98742633249661 2.98742633249661 
2.98742633249661 2.98742633249661 2.98742633249661 2.98742633249661 
2.98742633249661 2.98742633249661 2.98742633249661 2.98742633249661 
2.98742633249661 2.98742633249661 2.98742633249661 2.98742633249661 
2.98742633249661 2.98742633249661 2.98742633249661 2.98742633249661 
2.98742633249661 2.98742633249661 2.98742633249661 2.98742633249661 
2.98742633249661 2.98742633249661 2.98742633249661 2.98742633249661 
2.98742633249661 2.98742633249661 2.98742633249661 2.98742633249661 
2.98742633249661 2.98742633249661 2.98742633249661 2.98742633249661 
2.98742633249661 2.98742633249661 2.98742633249661 2.98742633249661 
2.98742633249661 2.98742633249661 2.98742633249661 2.98742633249661 
2.98742633249661 2.98742633249661 2.98742633249661 2.98742633249661 
2.98742633249661 2.98742633249661 2.98742633249661 2.98742633249661 
2.98742633249661 2.98742633249661 2.98742633249661 2.98742633249661 
2.98742633249661 2.98742633249661 2.98742633249661 2.98742633249661 
2.98742633249661 2.98742633249661 2.98742633249661 2.98742633249661 
2.98742633249661 2.98742633249661 2.98742633249661 2.98742633249661 
2.98742633249661 2.98742633249661 2.98742633249661 2.98742633249661 
2.98742633249661 2.98742633249661 2.98742633249661 2.98742633249661 
2.98742633249661 2.98742633249661 2.98742633249661 2.98742633249661 
2.98742633249661 2.98742633249661 2.98742633249661 2.98742633249661 
2.98742633249661 2.98742633249661 2.98742633249661 2.98742633249661 
2.98742633249661 2.98742633249661 2.98742633249661 2.98742633249661 
2.98742633249661 2.98742633249661 2.98742633249661 2.98742633249661 
2.98742633249661 2.98742633249661 2.98742633249661 2.98742633249661 
2.98742633249661 2.98742633249661 2.98742633249661 2.98742633249661 
2.98742633249661 2.98742633249661 2.98742633249661 2.98742633249661 
2.98742633249661 2.98742633249661 2.98742633249661 2.98742633249661 
2.98742633249661 2.98742633249661 2.98742633249661 2.98742633249661 
2.98742633249661 2.98742633249661 2.98742633249661 2.98742633249661 
2.98742633249661 2.98742633249661 2.98742633249661 2.98742633249661 
2.98742633249661 2.98742633249661 2.98742633249661 2.98742633249661 
2.98742633249661 2.98742633249661 2.98742633249661 2.98742633249661 
2.98742633249661 2.98742633249661 2.98742633249661 2.98742633249661 
2.98742633249661 2.98742633249661 2.98742633249661 2.98742633249661 
2.98742633249661 2.98742633249661 2.98742633249661 2.98742633249661 
2.98742633249661 2.98742633249661 2.98742633249661 2.98742633249661 
2.98742633249661 2.98742633249661 2.98742633249661 2.98742633249661 
2.98742633249661 2.98742633249661 2.98742633249661 2.98742633249661 
2.98742633249661 2.98742633249661 2.98742633249661 2.98742633249661 
2.98742633249661 2.98742633249661 2.98742633249661 2.98742633249661 
2.98742633249661 2.98742633249661 2.98742633249661 2.98742633249661 
2.98742633249661 2.98742633249661 2.98742633249661 2.98742633249661 
2.98742633249661 2.98742633249661 2.98742633249661 2.98742633249661 
2.98742633249661 2.98742633249661 2.98742633249661 2.98742633249661 
2.98742633249661 2.98742633249661 2.98742633249661 2.98742633249661 
2.98742633249661 2.98742633249661 2.98742633249661 2.98742633249661 
2.98742633249661 2.98742633249661 2.98742633249661 2.98742633249661 
2.98742633249661 2.98742633249661 2.98742633249661 2.98742633249661 
2.98742633249661 2.98742633249661 2.98742633249661 2.98742633249661 
2.98742633249661 2.98742633249661 2.98742633249661 2.98742633249661 
2.98742633249661 2.98742633249661 2.98742633249661 2.98742633249661 
2.98742633249661 2.98742633249661 2.98742633249661 2.98742633249661 
2.98742633249661 2.98742633249661 2.98742633249661 2.98742633249661 
2.98742633249661 2.98742633249661 2.98742633249661 2.98742633249661 
2.98742633249661 2.98742633249661 2.98742633249661 2.98742633249661 
2.98742633249661 2.98742633249661 2.98742633249661 2.98742633249661 
2.98742633249661 2.98742633249661 2.98742633249661 2.98742633249661 
2.98742633249661 2.98742633249661 2.98742633249661 2.98742633249661 
2.98742633249661 2.98742633249661 2.98742633249661 2.98742633249661 
2.98742633249661 2.98742633249661 2.98742633249661 2.98742633249661 
2.98742633249661 2.98742633249661 2.98742633249661 2.98742633249661 
2.98742633249661 2.98742633249661 2.98742633249661 2.98742633249661 
2.98742633249661 2.98742633249661 2.98742633249661 2.98742633249661 
2.98742633249661 2.98742633249661 2.98742633249661 2.98742633249661 
2.98742633249661 2.98742633249661 2.98742633249661 2.98742633249661 
2.98742633249661 2.98742633249661 2.98742633249661 2.98742633249661 
2.98742633249661 2.98742633249661 2.98742633249661 2.98742633249661 
2.98742633249661 2.98742633249661 2.98742633249661 2.98742633249661 
2.98742633249661 2.98742633249661 2.98742633249661 2.98742633249661 
2.98742633249661 2.98742633249661 2.98742633249661 2.98742633249661 
2.98742633249661 2.98742633249661 2.98742633249661 2.98742633249661 
2.98742633249661 2.98742633249661 2.98742633249661 2.98742633249661 
2.98742633249661 2.98742633249661 2.98742633249661 2.98742633249661 
2.98742633249661 2.98742633249661 2.98742633249661 2.98742633249661 
2.98742633249661 2.98742633249661 2.98742633249661 2.98742633249661 
2.98742633249661 2.98742633249661 2.98742633249661 2.98742633249661 
2.98742633249661 2.98742633249661 2.98742633249661 2.98742633249661 
2.98742633249661 2.98742633249661 2.98742633249661 2.98742633249661 
2.98742633249661 2.98742633249661 2.98742633249661 2.98742633249661 
2.98742633249661 2.98742633249661 2.98742633249661 2.98742633249661 
2.98742633249661 2.98742633249661 2.98742633249661 2.98742633249661 
2.98742633249661 2.98742633249661 2.98742633249661 2.98742633249661 
2.98742633249661 2.98742633249661 2.98742633249661 2.98742633249661 
2.98742633249661 2.98742633249661 2.98742633249661 2.98742633249661 
2.98742633249661 2.98742633249661 2.98742633249661 2.98742633249661 
2.98742633249661 2.98742633249661 2.98742633249661 2.98742633249661 
2.98742633249661 2.98742633249661 2.98742633249661 2.98742633249661 
2.98742633249661 2.98742633249661 2.98742633249661 2.98742633249661 
2.98742633249661 2.98742633249661 2.98742633249661 2.98742633249661 
2.98742633249661 2.98742633249661 2.98742633249661 2.98742633249661 
2.98742633249661 2.98742633249661 2.98742633249661 2.98742633249661 
2.98742633249661 2.98742633249661 2.98742633249661 2.98742633249661 
2.98742633249661 2.98742633249661 2.98742633249661 2.98742633249661 
2.98742633249661 2.98742633249661 2.98742633249661 2.98742633249661 
2.98742633249661 2.98742633249661 2.98742633249661 2.98742633249661 
2.98742633249661 2.98742633249661 2.98742633249661 2.98742633249661 
2.98742633249661 2.98742633249661 2.98742633249661 2.98742633249661 
2.98742633249661 2.98742633249661 2.98742633249661 2.98742633249661 
2.98742633249661 2.98742633249661 2.98742633249661 2.98742633249661 
2.98742633249661 2.98742633249661 2.98742633249661 2.98742633249661 
2.98742633249661 2.98742633249661 2.98742633249661 2.98742633249661 
2.98742633249661 2.98742633249661 2.98742633249661 2.98742633249661 
2.98742633249661 2.98742633249661 2.98742633249661 2.98742633249661 
2.98742633249661 2.98742633249661 2.98742633249661 2.98742633249661 
2.98742633249661 2.98742633249661 2.98742633249661 2.98742633249661 
2.98742633249661 2.98742633249661 2.98742633249661 2.98742633249661 
2.98742633249661 2.98742633249661 2.98742633249661 2.98742633249661 
2.98742633249661 2.98742633249661 2.98742633249661 2.98742633249661 
2.98742633249661 2.98742633249661 2.98742633249661 2.98742633249661 
2.98742633249661 2.98742633249661 2.98742633249661 2.98742633249661 
2.98742633249661 2.98742633249661 2.98742633249661 2.98742633249661 
2.98742633249661 2.98742633249661 2.98742633249661 2.98742633249661 
2.98742633249661 2.98742633249661 2.98742633249661 2.98742633249661 
2.98742633249661 2.98742633249661 2.98742633249661 2.98742633249661 
2.98742633249661 2.98742633249661 2.98742633249661 2.98742633249661 
2.98742633249661 2.98742633249661 2.98742633249661 2.98742633249661 
2.98742633249661 2.98742633249661 2.98742633249661 2.98742633249661 
2.98742633249661 2.98742633249661 2.98742633249661 2.98742633249661 
2.98742633249661 2.98742633249661 2.98742633249661 2.98742633249661 
2.98742633249661 2.98742633249661 2.98742633249661 2.98742633249661 
2.98742633249661 2.98742633249661 2.98742633249661 2.98742633249661 
2.98742633249661 2.98742633249661 2.98742633249661 2.98742633249661 
2.98742633249661 2.98742633249661 2.98742633249661 2.98742633249661 
2.98742633249661 2.98742633249661 2.98742633249661 2.98742633249661 
2.98742633249661 2.98742633249661 2.98742633249661 2.98742633249661 
2.98742633249661 2.98742633249661 2.98742633249661 2.98742633249661 
2.98742633249661 2.98742633249661 2.98742633249661 2.98742633249661 
2.98742633249661 2.98742633249661 2.98742633249661 2.98742633249661 
2.98742633249661 2.98742633249661 2.98742633249661 2.98742633249661 
2.98742633249661 2.98742633249661 2.98742633249661 2.98742633249661 
2.98742633249661 2.98742633249661 2.98742633249661 2.98742633249661 
2.98742633249661 2.98742633249661 2.98742633249661 2.98742633249661 
2.98742633249661 2.98742633249661 2.98742633249661 2.98742633249661 
2.98742633249661 2.98742633249661 2.98742633249661 2.98742633249661 
2.98742633249661 2.98742633249661 2.98742633249661 2.98742633249661 
2.98742633249661 2.98742633249661 2.98742633249661 2.98742633249661 
2.98742633249661 2.98742633249661 2.98742633249661 2.98742633249661 
2.98742633249661 2.98742633249661 2.98742633249661 2.98742633249661 
2.98742633249661 2.98742633249661 2.98742633249661 2.98742633249661 
2.98742633249661 2.98742633249661 2.98742633249661 2.98742633249661 
2.98742633249661 2.98742633249661 2.98742633249661 2.98742633249661 
2.98742633249661 2.98742633249661 2.98742633249661 2.98742633249661 
2.98742633249661 2.98742633249661 2.98742633249661 2.98742633249661 
2.98742633249661 2.98742633249661 2.98742633249661 2.98742633249661 
2.98742633249661 2.98742633249661 2.98742633249661 2.98742633249661 
2.98742633249661 2.98742633249661 2.98742633249661 2.98742633249661 
2.98742633249661 2.98742633249661 2.98742633249661 2.98742633249661 
2.98742633249661 2.98742633249661 2.98742633249661 2.98742633249661 
2.98742633249661 2.98742633249661 2.98742633249661 2.98742633249661 
2.98742633249661 2.98742633249661 2.98742633249661 2.98742633249661 
2.98742633249661 2.98742633249661 2.98742633249661 2.98742633249661 
2.98742633249661 2.98742633249661 2.98742633249661 2.98742633249661 
2.98742633249661 2.98742633249661 2.98742633249661 2.98742633249661 
2.98742633249661 2.98742633249661 2.98742633249661 2.98742633249661 
2.98742633249661 2.98742633249661 2.98742633249661 2.98742633249661 
2.98742633249661 2.98742633249661 2.98742633249661 2.98742633249661 
2.98742633249661 2.98742633249661 2.98742633249661 2.98742633249661 
2.98742633249661 2.98742633249661 2.98742633249661 2.98742633249661 
2.98742633249661 2.98742633249661 2.98742633249661 2.98742633249661 
2.98742633249661 2.98742633249661 2.98742633249661 2.98742633249661 
2.98742633249661 2.98742633249661 2.98742633249661 2.98742633249661 
2.98742633249661 2.98742633249661 2.98742633249661 2.98742633249661 
2.98742633249661 2.98742633249661 2.98742633249661 2.98742633249661 
2.98742633249661 2.98742633249661 2.98742633249661 2.98742633249661 
2.98742633249661 2.98742633249661 2.98742633249661 2.98742633249661 
2.98742633249661 2.98742633249661 2.98742633249661 2.98742633249661 
2.98742633249661 2.98742633249661 2.98742633249661 2.98742633249661 
2.98742633249661 2.98742633249661 2.98742633249661 2.98742633249661 
2.98742633249661 2.98742633249661 2.98742633249661 2.98742633249661 
2.98742633249661 2.98742633249661 2.98742633249661 2.98742633249661 
2.98742633249661 2.98742633249661 2.98742633249661 2.98742633249661 
2.98742633249661 2.98742633249661 2.98742633249661 2.98742633249661 
2.98742633249661 2.98742633249661 2.98742633249661 2.98742633249661 
2.98742633249661 2.98742633249661 2.98742633249661 2.98742633249661 
2.98742633249661 2.98742633249661 2.98742633249661 2.98742633249661 
2.98742633249661 2.98742633249661 2.98742633249661 2.98742633249661 
2.98742633249661 2.98742633249661 2.98742633249661 2.98742633249661 
2.98742633249661 2.98742633249661 2.98742633249661 2.98742633249661 
2.98742633249661 2.98742633249661 2.98742633249661 2.98742633249661 
2.98742633249661 2.98742633249661 2.98742633249661 2.98742633249661 
2.98742633249661 2.98742633249661 2.98742633249661 2.98742633249661 
2.98742633249661 2.98742633249661 2.98742633249661 2.98742633249661 
2.98742633249661 2.98742633249661 2.98742633249661 2.98742633249661 
2.98742633249661 2.98742633249661 2.98742633249661 2.98742633249661 
2.98742633249661 2.98742633249661 2.98742633249661 2.98742633249661 
2.98742633249661 2.98742633249661 2.98742633249661 2.98742633249661 
2.98742633249661 2.98742633249661 2.98742633249661 2.98742633249661 
2.98742633249661 2.98742633249661 2.98742633249661 2.98742633249661 
2.98742633249661 2.98742633249661 2.98742633249661 2.98742633249661 
2.98742633249661 2.98742633249661 2.98742633249661 2.98742633249661 
2.98742633249661 2.98742633249661 2.98742633249661 2.98742633249661 
2.98742633249661 2.98742633249661 2.98742633249661 2.98742633249661 
2.98742633249661 2.98742633249661 2.98742633249661 2.98742633249661 
2.98742633249661 2.98742633249661 2.98742633249661 2.98742633249661 
2.98742633249661 2.98742633249661 2.98742633249661 2.98742633249661 
2.98742633249661 2.98742633249661 2.98742633249661 2.98742633249661 
2.98742633249661 2.98742633249661 2.98742633249661 2.98742633249661 
2.98742633249661 2.98742633249661 2.98742633249661 2.98742633249661 
2.98742633249661 2.98742633249661 2.98742633249661 2.98742633249661 
2.98742633249661 2.98742633249661 2.98742633249661 2.98742633249661 
2.98742633249661 2.98742633249661 2.98742633249661 2.98742633249661 
2.98742633249661 2.98742633249661 2.98742633249661 2.98742633249661 
2.98742633249661 2.98742633249661 2.98742633249661 2.98742633249661 
2.98742633249661 2.98742633249661 2.98742633249661 2.98742633249661 
2.98742633249661 2.98742633249661 2.98742633249661 2.98742633249661 
2.98742633249661 2.98742633249661 2.98742633249661 2.98742633249661 
2.98742633249661 2.98742633249661 2.98742633249661 2.98742633249661 
2.98742633249661 2.98742633249661 2.98742633249661 2.98742633249661 
2.98742633249661 2.98742633249661 2.98742633249661 2.98742633249661 
2.98742633249661 2.98742633249661 2.98742633249661 2.98742633249661 
2.98742633249661 2.98742633249661 2.98742633249661 2.98742633249661 
2.98742633249661 2.98742633249661 2.98742633249661 2.98742633249661 
2.98742633249661 2.98742633249661 2.98742633249661 2.98742633249661 
2.98742633249661 2.98742633249661 2.98742633249661 2.98742633249661 
2.98742633249661 2.98742633249661 2.98742633249661 2.98742633249661 
2.98742633249661 2.98742633249661 2.98742633249661 2.98742633249661 
2.98742633249661 2.98742633249661 2.98742633249661 2.98742633249661 
2.98742633249661 2.98742633249661 2.98742633249661 2.98742633249661 
2.98742633249661 2.98742633249661 2.98742633249661 2.98742633249661 
2.98742633249661 2.98742633249661 2.98742633249661 2.98742633249661 
2.98742633249661 2.98742633249661 2.98742633249661 2.98742633249661 
2.98742633249661 2.98742633249661 2.98742633249661 2.98742633249661 
2.98742633249661 2.98742633249661 2.98742633249661 2.98742633249661 
2.98742633249661 2.98742633249661 2.98742633249661 2.98742633249661 
2.98742633249661 2.98742633249661 2.98742633249661 2.98742633249661 
2.98742633249661 2.98742633249661 2.98742633249661 2.98742633249661 
2.98742633249661 2.98742633249661 2.98742633249661 2.98742633249661 
2.98742633249661 2.98742633249661 2.98742633249661 2.98742633249661 
2.98742633249661 2.98742633249661 2.98742633249661 2.98742633249661 
2.98742633249661 2.98742633249661 2.98742633249661 2.98742633249661 
2.98742633249661 2.98742633249661 2.98742633249661 2.98742633249661 
2.98742633249661 2.98742633249661 2.98742633249661 2.98742633249661 
2.98742633249661 2.98742633249661 2.98742633249661 2.98742633249661 
2.98742633249661 2.98742633249661 2.98742633249661 2.98742633249661 
2.98742633249661 2.98742633249661 2.98742633249661 2.98742633249661 
2.98742633249661 2.98742633249661 2.98742633249661 2.98742633249661 
2.98742633249661 2.98742633249661 2.98742633249661 2.98742633249661 
2.98742633249661 2.98742633249661 2.98742633249661 2.98742633249661 
2.98742633249661 2.98742633249661 2.98742633249661 2.98742633249661 
2.98742633249661 2.98742633249661 2.98742633249661 2.98742633249661 
2.98742633249661 2.98742633249661 2.98742633249661 2.98742633249661 
2.98742633249661 2.98742633249661 2.98742633249661 2.98742633249661 
2.98742633249661 2.98742633249661 2.98742633249661 2.98742633249661 
2.98742633249661 2.98742633249661 2.98742633249661 2.98742633249661 
2.98742633249661 2.98742633249661 2.98742633249661 2.98742633249661 
2.98742633249661 2.98742633249661 2.98742633249661 2.98742633249661 
2.98742633249661 2.98742633249661 2.98742633249661 2.98742633249661 
2.98742633249661 2.98742633249661 2.98742633249661 2.98742633249661 
2.98742633249661 2.98742633249661 2.98742633249661 2.98742633249661 
2.98742633249661 2.98742633249661 2.98742633249661 2.98742633249661 
2.98742633249661 2.98742633249661 2.98742633249661 2.98742633249661 
2.98742633249661 2.98742633249661 2.98742633249661 2.98742633249661 
2.98742633249661 2.98742633249661 2.98742633249661 2.98742633249661 
2.98742633249661 2.98742633249661 2.98742633249661 2.98742633249661 
2.98742633249661 2.98742633249661 2.98742633249661 2.98742633249661 
2.98742633249661 2.98742633249661 2.98742633249661 2.98742633249661 
2.98742633249661 2.98742633249661 2.98742633249661 2.98742633249661 
2.98742633249661 2.98742633249661 2.98742633249661 2.98742633249661 
2.98742633249661 2.98742633249661 2.98742633249661 2.98742633249661 
2.98742633249661 2.98742633249661 2.98742633249661 2.98742633249661 
2.98742633249661 2.98742633249661 2.98742633249661 2.98742633249661 
2.98742633249661 2.98742633249661 2.98742633249661 2.98742633249661 
2.98742633249661 2.98742633249661 2.98742633249661 2.98742633249661 
2.98742633249661 2.98742633249661 2.98742633249661 2.98742633249661 
2.98742633249661 2.98742633249661 2.98742633249661 2.98742633249661 
2.98742633249661 2.98742633249661 2.98742633249661 2.98742633249661 
2.98742633249661 2.98742633249661 2.98742633249661 2.98742633249661 
2.98742633249661 2.98742633249661 2.98742633249661 2.98742633249661 
2.98742633249661 2.98742633249661 2.98742633249661 2.98742633249661 
2.98742633249661 2.98742633249661 2.98742633249661 2.98742633249661 
2.98742633249661 2.98742633249661 2.98742633249661 2.98742633249661 
2.98742633249661 2.98742633249661 2.98742633249661 2.98742633249661 
2.98742633249661 2.98742633249661 2.98742633249661 2.98742633249661 
2.98742633249661 2.98742633249661 2.98742633249661 2.98742633249661 
2.98742633249661 2.98742633249661 2.98742633249661 2.98742633249661 
2.98742633249661 2.98742633249661 2.98742633249661 2.98742633249661 
2.98742633249661 2.98742633249661 2.98742633249661 2.98742633249661 
2.98742633249661 2.98742633249661 2.98742633249661 2.98742633249661 
2.98742633249661 2.98742633249661 2.98742633249661 2.98742633249661 
2.98742633249661 2.98742633249661 2.98742633249661 2.98742633249661 
2.98742633249661 2.98742633249661 2.98742633249661 2.98742633249661 
2.98742633249661 2.98742633249661 2.98742633249661 2.98742633249661 
2.98742633249661 2.98742633249661 2.98742633249661 2.98742633249661 
2.98742633249661 2.98742633249661 2.98742633249661 2.98742633249661 
2.98742633249661 2.98742633249661 2.98742633249661 2.98742633249661 
2.98742633249661 2.98742633249661 2.98742633249661 2.98742633249661 
2.98742633249661 2.98742633249661 2.98742633249661 2.98742633249661 
2.98742633249661 2.98742633249661 2.98742633249661 2.98742633249661 
2.98742633249661 2.98742633249661 2.98742633249661 2.98742633249661 
2.98742633249661 2.98742633249661 2.98742633249661 2.98742633249661 
2.98742633249661 2.98742633249661 2.98742633249661 2.98742633249661 
2.98742633249661 2.98742633249661 2.98742633249661 2.98742633249661 
2.98742633249661 2.98742633249661 2.98742633249661 2.98742633249661 
2.98742633249661 2.98742633249661 2.98742633249661 2.98742633249661 
2.98742633249661 2.98742633249661 2.98742633249661 2.98742633249661 
2.98742633249661 2.98742633249661 2.98742633249661 2.98742633249661 
2.98742633249661 2.98742633249661 2.98742633249661 2.98742633249661 
2.98742633249661 2.98742633249661 2.98742633249661 2.98742633249661 
2.98742633249661 2.98742633249661 2.98742633249661 2.98742633249661 
2.98742633249661 2.98742633249661 2.98742633249661 2.98742633249661 
2.98742633249661 2.98742633249661 2.98742633249661 2.98742633249661 
2.98742633249661 2.98742633249661 2.98742633249661 2.98742633249661 
2.98742633249661 2.98742633249661 2.98742633249661 2.98742633249661 
2.98742633249661 2.98742633249661 2.98742633249661 2.98742633249661 
2.98742633249661 2.98742633249661 2.98742633249661 2.98742633249661 
2.98742633249661 2.98742633249661 2.98742633249661 2.98742633249661 
2.98742633249661 2.98742633249661 2.98742633249661 2.98742633249661 
2.98742633249661 2.98742633249661 2.98742633249661 2.98742633249661 
2.98742633249661 2.98742633249661 2.98742633249661 2.98742633249661 
2.98742633249661 2.98742633249661 2.98742633249661 2.98742633249661 
2.98742633249661 2.98742633249661 2.98742633249661 2.98742633249661 
2.98742633249661 2.98742633249661 2.98742633249661 2.98742633249661 
2.98742633249661 2.98742633249661 2.98742633249661 2.98742633249661 
2.98742633249661 2.98742633249661 2.98742633249661 2.98742633249661 
2.98742633249661 2.98742633249661 2.98742633249661 2.98742633249661 
2.98742633249661 2.98742633249661 2.98742633249661 2.98742633249661 
2.98742633249661 2.98742633249661 2.98742633249661 2.98742633249661 
2.98742633249661 2.98742633249661 2.98742633249661 2.98742633249661 
2.98742633249661 2.98742633249661 2.98742633249661 2.98742633249661 
2.98742633249661 2.98742633249661 2.98742633249661 2.98742633249661 
2.98742633249661 2.98742633249661 2.98742633249661 2.98742633249661 
2.98742633249661 2.98742633249661 2.98742633249661 2.98742633249661 
2.98742633249661 2.98742633249661 2.98742633249661 2.98742633249661 
2.98742633249661 2.98742633249661 2.98742633249661 2.98742633249661 
2.98742633249661 2.98742633249661 2.98742633249661 2.98742633249661 
2.98742633249661 2.98742633249661 2.98742633249661 2.98742633249661 
2.98742633249661 2.98742633249661 2.98742633249661 2.98742633249661 
2.98742633249661 2.98742633249661 2.98742633249661 2.98742633249661 
2.98742633249661 2.98742633249661 2.98742633249661 2.98742633249661 
2.98742633249661 2.98742633249661 2.98742633249661 2.98742633249661 
2.98742633249661 2.98742633249661 2.98742633249661 2.98742633249661 
2.98742633249661 2.98742633249661 2.98742633249661 2.98742633249661 
2.98742633249661 2.98742633249661 2.98742633249661 2.98742633249661 
2.98742633249661 2.98742633249661 2.98742633249661 2.98742633249661 
2.98742633249661 2.98742633249661 2.98742633249661 2.98742633249661 
2.98742633249661 2.98742633249661 2.98742633249661 2.98742633249661 
2.98742633249661 2.98742633249661 2.98742633249661 2.98742633249661 
2.98742633249661 2.98742633249661 2.98742633249661 2.98742633249661 
2.98742633249661 2.98742633249661 2.98742633249661 2.98742633249661 
2.98742633249661 2.98742633249661 2.98742633249661 2.98742633249661 
2.98742633249661 2.98742633249661 2.98742633249661 2.98742633249661 
2.98742633249661 2.98742633249661 2.98742633249661 2.98742633249661 
2.98742633249661 2.98742633249661 2.98742633249661 2.98742633249661 
2.98742633249661 2.98742633249661 2.98742633249661 2.98742633249661 
2.98742633249661 2.98742633249661 2.98742633249661 2.98742633249661 
2.98742633249661 2.98742633249661 2.98742633249661 2.98742633249661 
2.98742633249661 2.98742633249661 2.98742633249661 2.98742633249661 
2.98742633249661 2.98742633249661 2.98742633249661 2.98742633249661 
2.98742633249661 2.98742633249661 2.98742633249661 2.98742633249661 
2.98742633249661 2.98742633249661 2.98742633249661 2.98742633249661 
2.98742633249661 2.98742633249661 2.98742633249661 2.98742633249661 
2.98742633249661 2.98742633249661 2.98742633249661 2.98742633249661 
2.98742633249661 2.98742633249661 2.98742633249661 2.98742633249661 
2.98742633249661 2.98742633249661 2.98742633249661 2.98742633249661 
2.98742633249661 2.98742633249661 2.98742633249661 2.98742633249661 
2.98742633249661 2.98742633249661 2.98742633249661 2.98742633249661 
2.98742633249661 2.98742633249661 2.98742633249661 2.98742633249661 
2.98742633249661 2.98742633249661 2.98742633249661 2.98742633249661 
2.98742633249661 2.98742633249661 2.98742633249661 2.98742633249661 
2.98742633249661 2.98742633249661 2.98742633249661 2.98742633249661 
2.98742633249661 2.98742633249661 2.98742633249661 2.98742633249661 
2.98742633249661 2.98742633249661 2.98742633249661 2.98742633249661 
2.98742633249661 2.98742633249661 2.98742633249661 2.98742633249661 
2.98742633249661 2.98742633249661 2.98742633249661 2.98742633249661 
2.98742633249661 2.98742633249661 2.98742633249661 2.98742633249661 
2.98742633249661 2.98742633249661 2.98742633249661 2.98742633249661 
2.98742633249661 2.98742633249661 2.98742633249661 2.98742633249661 
2.98742633249661 2.98742633249661 2.98742633249661 2.98742633249661 
2.98742633249661 2.98742633249661 2.98742633249661 2.98742633249661 
2.98742633249661 2.98742633249661 2.98742633249661 2.98742633249661 
2.98742633249661 2.98742633249661 2.98742633249661 2.98742633249661 
2.98742633249661 2.98742633249661 2.98742633249661 2.98742633249661 
2.98742633249661 2.98742633249661 2.98742633249661 2.98742633249661 
2.98742633249661 2.98742633249661 2.98742633249661 2.98742633249661 
2.98742633249661 2.98742633249661 2.98742633249661 2.98742633249661 
2.98742633249661 2.98742633249661 2.98742633249661 2.98742633249661 
2.98742633249661 2.98742633249661 2.98742633249661 2.98742633249661 
2.98742633249661 2.98742633249661 2.98742633249661 2.98742633249661 
2.98742633249661 2.98742633249661 2.98742633249661 2.98742633249661 
2.98742633249661 2.98742633249661 2.98742633249661 2.98742633249661 
2.98742633249661 2.98742633249661 2.98742633249661 2.98742633249661 
2.98742633249661 2.98742633249661 2.98742633249661 2.98742633249661 
2.98742633249661 2.98742633249661 2.98742633249661 2.98742633249661 
2.98742633249661 2.98742633249661 2.98742633249661 2.98742633249661 
2.98742633249661 2.98742633249661 2.98742633249661 2.98742633249661 
2.98742633249661 2.98742633249661 2.98742633249661 2.98742633249661 
2.98742633249661 2.98742633249661 2.98742633249661 2.98742633249661 
2.98742633249661 2.98742633249661 2.98742633249661 2.98742633249661 
2.98742633249661 2.98742633249661 2.98742633249661 2.98742633249661 
2.98742633249661 2.98742633249661 2.98742633249661 2.98742633249661 
2.98742633249661 2.98742633249661 2.98742633249661 2.98742633249661 
2.98742633249661 2.98742633249661 2.98742633249661 2.98742633249661 
2.98742633249661 2.98742633249661 2.98742633249661 2.98742633249661 
2.98742633249661 2.98742633249661 2.98742633249661 2.98742633249661 
2.98742633249661 2.98742633249661 2.98742633249661 2.98742633249661 
2.98742633249661 2.98742633249661 2.98742633249661 2.98742633249661 
2.98742633249661 2.98742633249661 2.98742633249661 2.98742633249661 
2.98742633249661 2.98742633249661 2.98742633249661 2.98742633249661 
2.98742633249661 2.98742633249661 2.98742633249661 2.98742633249661 
2.98742633249661 2.98742633249661 2.98742633249661 2.98742633249661 
2.98742633249661 2.98742633249661 2.98742633249661 2.98742633249661 
2.98742633249661 2.98742633249661 2.98742633249661 2.98742633249661 
2.98742633249661 2.98742633249661 2.98742633249661 2.98742633249661 
2.98742633249661 2.98742633249661 2.98742633249661 2.98742633249661 
2.98742633249661 2.98742633249661 2.98742633249661 2.98742633249661 
2.98742633249661 2.98742633249661 2.98742633249661 2.98742633249661 
2.98742633249661 2.98742633249661 2.98742633249661 2.98742633249661 
2.98742633249661 2.98742633249661 2.98742633249661 2.98742633249661 
2.98742633249661 2.98742633249661 2.98742633249661 2.98742633249661 
2.98742633249661 2.98742633249661 2.98742633249661 2.98742633249661 
2.98742633249661 2.98742633249661 2.98742633249661 2.98742633249661 
2.98742633249661 2.98742633249661 2.98742633249661 2.98742633249661 
2.98742633249661 2.98742633249661 2.98742633249661 2.98742633249661 
2.98742633249661 2.98742633249661 2.98742633249661 2.98742633249661 
2.98742633249661 2.98742633249661 2.98742633249661 2.98742633249661 
2.98742633249661 2.98742633249661 2.98742633249661 2.98742633249661 
2.98742633249661 2.98742633249661 2.98742633249661 2.98742633249661 
2.98742633249661 2.98742633249661 2.98742633249661 2.98742633249661 
2.98742633249661 2.98742633249661 2.98742633249661 2.98742633249661 
2.98742633249661 2.98742633249661 2.98742633249661 2.98742633249661 
2.98742633249661 2.98742633249661 2.98742633249661 2.98742633249661 
2.98742633249661 2.98742633249661 2.98742633249661 2.98742633249661 
2.98742633249661 2.98742633249661 2.98742633249661 2.98742633249661 
2.98742633249661 2.98742633249661 2.98742633249661 2.98742633249661 
2.98742633249661 2.98742633249661 2.98742633249661 2.98742633249661 
2.98742633249661 2.98742633249661 2.98742633249661 2.98742633249661 
2.98742633249661 2.98742633249661 2.98742633249661 2.98742633249661 
2.98742633249661 2.98742633249661 2.98742633249661 2.98742633249661 
2.98742633249661 2.98742633249661 2.98742633249661 2.98742633249661 
2.98742633249661 2.98742633249661 2.98742633249661 2.98742633249661 
2.98742633249661 2.98742633249661 2.98742633249661 2.98742633249661 
2.98742633249661 2.98742633249661 2.98742633249661 2.98742633249661 
2.98742633249661 2.98742633249661 2.98742633249661 2.98742633249661 
2.98742633249661 2.98742633249661 2.98742633249661 2.98742633249661 
2.98742633249661 2.98742633249661 2.98742633249661 2.98742633249661 
2.98742633249661 2.98742633249661 2.98742633249661 2.98742633249661 
2.98742633249661 2.98742633249661 2.98742633249661 2.98742633249661 
2.98742633249661 2.98742633249661 2.98742633249661 2.98742633249661 
2.98742633249661 2.98742633249661 2.98742633249661 2.98742633249661 
2.98742633249661 2.98742633249661 2.98742633249661 2.98742633249661 
2.98742633249661 2.98742633249661 2.98742633249661 2.98742633249661 
2.98742633249661 2.98742633249661 2.98742633249661 2.98742633249661 
2.98742633249661 2.98742633249661 2.98742633249661 2.98742633249661 
2.98742633249661 2.98742633249661 2.98742633249661 2.98742633249661 
2.98742633249661 2.98742633249661 2.98742633249661 2.98742633249661 
2.98742633249661 2.98742633249661 2.98742633249661 2.98742633249661 
2.98742633249661 2.98742633249661 2.98742633249661 2.98742633249661 
2.98742633249661 2.98742633249661 2.98742633249661 2.98742633249661 
2.98742633249661 2.98742633249661 2.98742633249661 2.98742633249661 
2.98742633249661 2.98742633249661 2.98742633249661 2.98742633249661 
2.98742633249661 2.98742633249661 2.98742633249661 2.98742633249661 
2.98742633249661 2.98742633249661 2.98742633249661 2.98742633249661 
2.98742633249661 2.98742633249661 2.98742633249661 2.98742633249661 
2.98742633249661 2.98742633249661 2.98742633249661 2.98742633249661 
2.98742633249661 2.98742633249661 2.98742633249661 2.98742633249661 
2.98742633249661 2.98742633249661 2.98742633249661 2.98742633249661 
2.98742633249661 2.98742633249661 2.98742633249661 2.98742633249661 
2.98742633249661 2.98742633249661 2.98742633249661 2.98742633249661 
2.98742633249661 2.98742633249661 2.98742633249661 2.98742633249661 
2.98742633249661 2.98742633249661 2.98742633249661 2.98742633249661 
2.98742633249661 2.98742633249661 2.98742633249661 2.98742633249661 
2.98742633249661 2.98742633249661 2.98742633249661 2.98742633249661 
2.98742633249661 2.98742633249661 2.98742633249661 2.98742633249661 
2.98742633249661 2.98742633249661 2.98742633249661 2.98742633249661 
2.98742633249661 2.98742633249661 2.98742633249661 2.98742633249661 
2.98742633249661 2.98742633249661 2.98742633249661 2.98742633249661 
2.98742633249661 2.98742633249661 2.98742633249661 2.98742633249661 
2.98742633249661 2.98742633249661 2.98742633249661 2.98742633249661 
2.98742633249661 2.98742633249661 2.98742633249661 2.98742633249661 
2.98742633249661 2.98742633249661 2.98742633249661 2.98742633249661 
2.98742633249661 2.98742633249661 2.98742633249661 2.98742633249661 
2.98742633249661 2.98742633249661 2.98742633249661 2.98742633249661 
2.98742633249661 2.98742633249661 2.98742633249661 2.98742633249661 
2.98742633249661 2.98742633249661 2.98742633249661 2.98742633249661 
2.98742633249661 2.98742633249661 2.98742633249661 2.98742633249661 
2.98742633249661 2.98742633249661 2.98742633249661 2.98742633249661 
2.98742633249661 2.98742633249661 2.98742633249661 2.98742633249661 
2.98742633249661 2.98742633249661 2.98742633249661 2.98742633249661 
2.98742633249661 2.98742633249661 2.98742633249661 2.98742633249661 
2.98742633249661 2.98742633249661 2.98742633249661 2.98742633249661 
2.98742633249661 2.98742633249661 2.98742633249661 2.98742633249661 
2.98742633249661 2.98742633249661 2.98742633249661 2.98742633249661 
2.98742633249661 2.98742633249661 2.98742633249661 2.98742633249661 
2.98742633249661 2.98742633249661 2.98742633249661 2.98742633249661 
2.98742633249661 2.98742633249661 2.98742633249661 2.98742633249661 
2.98742633249661 2.98742633249661 2.98742633249661 2.98742633249661 
2.98742633249661 2.98742633249661 2.98742633249661 2.98742633249661 
2.98742633249661 2.98742633249661 2.98742633249661 2.98742633249661 
2.98742633249661 2.98742633249661 2.98742633249661 2.98742633249661 
2.98742633249661 2.98742633249661 2.98742633249661 2.98742633249661 
2.98742633249661 2.98742633249661 2.98742633249661 2.98742633249661 
2.98742633249661 2.98742633249661 2.98742633249661 2.98742633249661 
2.98742633249661 2.98742633249661 2.98742633249661 2.98742633249661 
2.98742633249661 2.98742633249661 2.98742633249661 2.98742633249661 
2.98742633249661 2.98742633249661 2.98742633249661 2.98742633249661 
2.98742633249661 2.98742633249661 2.98742633249661 2.98742633249661 
2.98742633249661 2.98742633249661 2.98742633249661 2.98742633249661 
2.98742633249661 2.98742633249661 2.98742633249661 2.98742633249661 
2.98742633249661 2.98742633249661 2.98742633249661 2.98742633249661 
2.98742633249661 2.98742633249661 2.98742633249661 2.98742633249661 
2.98742633249661 2.98742633249661 2.98742633249661 2.98742633249661 
2.98742633249661 2.98742633249661 2.98742633249661 2.98742633249661 
2.98742633249661 2.98742633249661 2.98742633249661 2.98742633249661 
2.98742633249661 2.98742633249661 2.98742633249661 2.98742633249661 
2.98742633249661 2.98742633249661 2.98742633249661 2.98742633249661 
2.98742633249661 2.98742633249661 2.98742633249661 2.98742633249661 
2.98742633249661 2.98742633249661 2.98742633249661 2.98742633249661 
2.98742633249661 2.98742633249661 2.98742633249661 2.98742633249661 
2.98742633249661 2.98742633249661 2.98742633249661 2.98742633249661 
2.98742633249661 2.98742633249661 2.98742633249661 2.98742633249661 
2.98742633249661 2.98742633249661 2.98742633249661 2.98742633249661 
2.98742633249661 2.98742633249661 2.98742633249661 2.98742633249661 
2.98742633249661 2.98742633249661 2.98742633249661 2.98742633249661 
2.98742633249661 2.98742633249661 2.98742633249661 2.98742633249661 
2.98742633249661 2.98742633249661 2.98742633249661 2.98742633249661 
2.98742633249661 2.98742633249661 2.98742633249661 2.98742633249661 
2.98742633249661 2.98742633249661 2.98742633249661 2.98742633249661 
2.98742633249661 2.98742633249661 2.98742633249661 2.98742633249661 
2.98742633249661 2.98742633249661 2.98742633249661 2.98742633249661 
2.98742633249661 2.98742633249661 2.98742633249661 2.98742633249661 
2.98742633249661 2.98742633249661 2.98742633249661 2.98742633249661 
2.98742633249661 2.98742633249661 2.98742633249661 2.98742633249661 
2.98742633249661 2.98742633249661 2.98742633249661 2.98742633249661 
2.98742633249661 2.98742633249661 2.98742633249661 2.98742633249661 
2.98742633249661 2.98742633249661 2.98742633249661 2.98742633249661 
2.98742633249661 2.98742633249661 2.98742633249661 2.98742633249661 
2.98742633249661 2.98742633249661 2.98742633249661 2.98742633249661 
2.98742633249661 2.98742633249661 2.98742633249661 2.98742633249661 
2.98742633249661 2.98742633249661 2.98742633249661 2.98742633249661 
2.98742633249661 2.98742633249661 2.98742633249661 2.98742633249661 
2.98742633249661 2.98742633249661 2.98742633249661 2.98742633249661 
2.98742633249661 2.98742633249661 2.98742633249661 2.98742633249661 
2.98742633249661 2.98742633249661 2.98742633249661 2.98742633249661 
2.98742633249661 2.98742633249661 2.98742633249661 2.98742633249661 
2.98742633249661 2.98742633249661 2.98742633249661 2.98742633249661 
2.98742633249661 2.98742633249661 2.98742633249661 2.98742633249661 
2.98742633249661 2.98742633249661 2.98742633249661 2.98742633249661 
2.98742633249661 2.98742633249661 2.98742633249661 2.98742633249661 
2.98742633249661 2.98742633249661 2.98742633249661 2.98742633249661 
2.98742633249661 2.98742633249661 2.98742633249661 2.98742633249661 
2.98742633249661 2.98742633249661 2.98742633249661 2.98742633249661 
2.98742633249661 2.98742633249661 2.98742633249661 2.98742633249661 
2.98742633249661 2.98742633249661 2.98742633249661 2.98742633249661 
2.98742633249661 2.98742633249661 2.98742633249661 2.98742633249661 
2.98742633249661 2.98742633249661 2.98742633249661 2.98742633249661 
2.98742633249661 2.98742633249661 2.98742633249661 2.98742633249661 
2.98742633249661 2.98742633249661 2.98742633249661 2.98742633249661 
2.98742633249661 2.98742633249661 2.98742633249661 2.98742633249661 
2.98742633249661 2.98742633249661 2.98742633249661 2.98742633249661 
2.98742633249661 2.98742633249661 2.98742633249661 2.98742633249661 
2.98742633249661 2.98742633249661 2.98742633249661 2.98742633249661 
2.98742633249661 2.98742633249661 2.98742633249661 2.98742633249661 
2.98742633249661 2.98742633249661 2.98742633249661 2.98742633249661 
2.98742633249661 2.98742633249661 2.98742633249661 2.98742633249661 
2.98742633249661 2.98742633249661 2.98742633249661 2.98742633249661 
2.98742633249661 2.98742633249661 2.98742633249661 2.98742633249661 
2.98742633249661 2.98742633249661 2.98742633249661 2.98742633249661 
2.98742633249661 2.98742633249661 2.98742633249661 2.98742633249661 
2.98742633249661 2.98742633249661 2.98742633249661 2.98742633249661 
2.98742633249661 2.98742633249661 2.98742633249661 2.98742633249661 
2.98742633249661 2.98742633249661 2.98742633249661 2.98742633249661 
2.98742633249661 2.98742633249661 2.98742633249661 2.98742633249661 
2.98742633249661 2.98742633249661 2.98742633249661 2.98742633249661 
2.98742633249661 2.98742633249661 2.98742633249661 2.98742633249661 
2.98742633249661 2.98742633249661 2.98742633249661 2.98742633249661 
2.98742633249661 2.98742633249661 2.98742633249661 2.98742633249661 
2.98742633249661 2.98742633249661 2.98742633249661 2.98742633249661 
2.98742633249661 2.98742633249661 2.98742633249661 2.98742633249661 
2.98742633249661 2.98742633249661 2.98742633249661 2.98742633249661 
2.98742633249661 2.98742633249661 2.98742633249661 2.98742633249661 
2.98742633249661 2.98742633249661 2.98742633249661 2.98742633249661 
2.98742633249661 2.98742633249661 2.98742633249661 2.98742633249661 
2.98742633249661 2.98742633249661 2.98742633249661 2.98742633249661 
2.98742633249661 2.98742633249661 2.98742633249661 2.98742633249661 
2.98742633249661 2.98742633249661 2.98742633249661 2.98742633249661 
2.98742633249661 2.98742633249661 2.98742633249661 2.98742633249661 
2.98742633249661 2.98742633249661 2.98742633249661 2.98742633249661 
2.98742633249661 2.98742633249661 2.98742633249661 2.98742633249661 
2.98742633249661 2.98742633249661 2.98742633249661 2.98742633249661 
2.98742633249661 2.98742633249661 2.98742633249661 2.98742633249661 
2.98742633249661 2.98742633249661 2.98742633249661 2.98742633249661 
2.98742633249661 2.98742633249661 2.98742633249661 2.98742633249661 
2.98742633249661 2.98742633249661 2.98742633249661 2.98742633249661 
2.98742633249661 2.98742633249661 2.98742633249661 2.98742633249661 
2.98742633249661 2.98742633249661 2.98742633249661 2.98742633249661 
2.98742633249661 2.98742633249661 2.98742633249661 2.98742633249661 
2.98742633249661 2.98742633249661 2.98742633249661 2.98742633249661 
2.98742633249661 2.98742633249661 2.98742633249661 2.98742633249661 
2.98742633249661 2.98742633249661 2.98742633249661 2.98742633249661 
2.98742633249661 2.98742633249661 2.98742633249661 2.98742633249661 
2.98742633249661 2.98742633249661 2.98742633249661 2.98742633249661 
2.98742633249661 2.98742633249661 2.98742633249661 2.98742633249661 
2.98742633249661 2.98742633249661 2.98742633249661 2.98742633249661 
2.98742633249661 2.98742633249661 2.98742633249661 2.98742633249661 
2.98742633249661 2.98742633249661 2.98742633249661 2.98742633249661 
2.98742633249661 2.98742633249661 2.98742633249661 2.98742633249661 
2.98742633249661 2.98742633249661 2.98742633249661 2.98742633249661 
2.98742633249661 2.98742633249661 2.98742633249661 2.98742633249661 
2.98742633249661 2.98742633249661 2.98742633249661 2.98742633249661 
2.98742633249661 2.98742633249661 2.98742633249661 2.98742633249661 
2.98742633249661 2.98742633249661 2.98742633249661 2.98742633249661 
2.98742633249661 2.98742633249661 2.98742633249661 2.98742633249661 
2.98742633249661 2.98742633249661 2.98742633249661 2.98742633249661 
2.98742633249661 2.98742633249661 2.98742633249661 2.98742633249661 
2.98742633249661 2.98742633249661 2.98742633249661 2.98742633249661 
2.98742633249661 2.98742633249661 2.98742633249661 2.98742633249661 
2.98742633249661 2.98742633249661 2.98742633249661 2.98742633249661 
2.98742633249661 2.98742633249661 2.98742633249661 2.98742633249661 
2.98742633249661 2.98742633249661 2.98742633249661 2.98742633249661 
2.98742633249661 2.98742633249661 2.98742633249661 2.98742633249661 
2.98742633249661 2.98742633249661 2.98742633249661 2.98742633249661 
2.98742633249661 2.98742633249661 2.98742633249661 2.98742633249661 
2.98742633249661 2.98742633249661 2.98742633249661 2.98742633249661 
2.98742633249661 2.98742633249661 2.98742633249661 2.98742633249661 
2.98742633249661 2.98742633249661 2.98742633249661 2.98742633249661 
2.98742633249661 2.98742633249661 2.98742633249661 2.98742633249661 
2.98742633249661 2.98742633249661 2.98742633249661 2.98742633249661 
2.98742633249661 2.98742633249661 2.98742633249661 2.98742633249661 
2.98742633249661 2.98742633249661 2.98742633249661 2.98742633249661 
2.98742633249661 2.98742633249661 2.98742633249661 2.98742633249661 
2.98742633249661 2.98742633249661 2.98742633249661 2.98742633249661 
2.98742633249661 2.98742633249661 2.98742633249661 2.98742633249661 
2.98742633249661 2.98742633249661 2.98742633249661 2.98742633249661 
2.98742633249661 2.98742633249661 2.98742633249661 2.98742633249661 
2.98742633249661 2.98742633249661 2.98742633249661 2.98742633249661 
2.98742633249661 2.98742633249661 2.98742633249661 2.98742633249661 
2.98742633249661 2.98742633249661 2.98742633249661 2.98742633249661 
2.98742633249661 2.98742633249661 2.98742633249661 2.98742633249661 
2.98742633249661 2.98742633249661 2.98742633249661 2.98742633249661 
2.98742633249661 2.98742633249661 2.98742633249661 2.98742633249661 
2.98742633249661 2.98742633249661 2.98742633249661 2.98742633249661 
2.98742633249661 2.98742633249661 2.98742633249661 2.98742633249661 
2.98742633249661 2.98742633249661 2.98742633249661 2.98742633249661 
2.98742633249661 2.98742633249661 2.98742633249661 2.98742633249661 
2.98742633249661 2.98742633249661 2.98742633249661 2.98742633249661 
2.98742633249661 2.98742633249661 2.98742633249661 2.98742633249661 
2.98742633249661 2.98742633249661 2.98742633249661 2.98742633249661 
2.98742633249661 2.98742633249661 2.98742633249661 2.98742633249661 
2.98742633249661 2.98742633249661 2.98742633249661 2.98742633249661 
2.98742633249661 2.98742633249661 2.98742633249661 2.98742633249661 
2.98742633249661 2.98742633249661 2.98742633249661 2.98742633249661 
2.98742633249661 2.98742633249661 2.98742633249661 2.98742633249661 
2.98742633249661 2.98742633249661 2.98742633249661 2.98742633249661 
2.98742633249661 2.98742633249661 2.98742633249661 2.98742633249661 
2.98742633249661 2.98742633249661 2.98742633249661 2.98742633249661 
2.98742633249661 2.98742633249661 2.98742633249661 2.98742633249661 
2.98742633249661 2.98742633249661 2.98742633249661 2.98742633249661 
2.98742633249661 2.98742633249661 2.98742633249661 2.98742633249661 
2.98742633249661 2.98742633249661 2.98742633249661 2.98742633249661 
2.98742633249661 2.98742633249661 2.98742633249661 2.98742633249661 
2.98742633249661 2.98742633249661 2.98742633249661 2.98742633249661 
2.98742633249661 2.98742633249661 2.98742633249661 2.98742633249661 
2.98742633249661 2.98742633249661 2.98742633249661 2.98742633249661 
2.98742633249661 2.98742633249661 2.98742633249661 2.98742633249661 
2.98742633249661 2.98742633249661 2.98742633249661 2.98742633249661 
2.98742633249661 2.98742633249661 2.98742633249661 2.98742633249661 
2.98742633249661 2.98742633249661 2.98742633249661 2.98742633249661 
2.98742633249661 2.98742633249661 2.98742633249661 2.98742633249661 
2.98742633249661 2.98742633249661 2.98742633249661 2.98742633249661 
2.98742633249661 2.98742633249661 2.98742633249661 2.98742633249661 
2.98742633249661 2.98742633249661 2.98742633249661 2.98742633249661 
2.98742633249661 2.98742633249661 2.98742633249661 2.98742633249661 
2.98742633249661 2.98742633249661 2.98742633249661 2.98742633249661 
2.98742633249661 2.98742633249661 2.98742633249661 2.98742633249661 
2.98742633249661 2.98742633249661 2.98742633249661 2.98742633249661
##$VisuCoreFrameType=MAGNITUDE_IMAGE
$$ @vis= VisuCoreDataMax VisuCoreDataOffs VisuCoreDataSlope VisuCoreFrameType
##$VisuCoreWordType=_16BIT_SGN_INT
##$VisuCoreByteOrder=littleEndian
##$VisuFGOrderDescDim=1
$$ @vis= VisuCore VisuCoreWordType VisuCoreByteOrder VisuPixel
##$VisuFGOrderDesc=( 1 )
(3200, <FG_CYCLE>, <>, 0, 0)
##$VisuSubjectName=( 65 )
<RMD272>
##$VisuSubjectId=( 65 )
<RMD272>
$$ @vis= VisuFGOrderDescDim VisuFGOrderDesc VisuFrameOrderDesc VisuSubjectName
##$VisuSubjectBirthDate=( 9 )
<>
##$VisuSubjectSex=FEMALE
##$VisuSubjectComment=( 2048 )
<>
$$ @vis= VisuSubjectId VisuSubjectBirthDate VisuSubjectSex VisuSubjectComment
##$VisuStudyUid=( 65 )
<2.16.756.5.5.100.278412266.15942.1407429006.129>
##$VisuStudyDate=( 21 )
<13:30:06  7 Aug 2014>
##$VisuStudyId=( 65 )
<RMD272>
##$VisuStudyNumber=1
##$VisuSubjectWeight=5
$$ @vis= VisuSubject VisuStudyUid VisuStudyDate VisuStudyId VisuStudyNumber
##$VisuStudyReferringPhysician=( 65 )
<>
##$VisuStudyDescription=( 65 )
<>
$$ @vis= VisuSubjectWeight VisuStudyReferringPhysician VisuStudyDescription
##$VisuSeriesNumber=1900545
##$VisuSubjectPosition=Head_Supine
##$VisuSeriesTypeId=( 65 )
<ACQ_USER_PVM>
$$ @vis= VisuStudy VisuSeriesNumber VisuSubjectPosition VisuSeriesTypeId
##$VisuAcqSoftwareVersion=( 65 )
<5.1>
##$VisuInstitution=( 65 )
<Duke University Biospec 70/20>
##$VisuStation=( 65 )
<spect>
$$ @vis= VisuSeries VisuAcqSoftwareVersion VisuInstitution VisuStation
##$VisuAcqDate=( 21 )
<18:52:28  7 Aug 2014>
##$VisuAcqEchoTrainLength=1
##$VisuAcqSequenceName=( 40 )
<rMD_HOT (pvm)>
##$VisuAcqNumberOfAverages=4
$$ @vis= VisuEquipment VisuAcqDate VisuAcqEchoTrainLength VisuAcqSequenceName
##$VisuAcqImagingFrequency=300.3395589
##$VisuAcqImagedNucleus=( 8 )
<1H>
##$VisuAcqRepetitionTime=( 1 )
1880.001
$$ @vis= VisuAcqNumberOfAverages VisuAcqImagingFrequency VisuAcqImagedNucleus
##$VisuAcqFlipAngle=90
##$VisuAcqEchoTime=( 1 )
0
##$VisuAcquisitionProtocol=( 65 )
<RMD_HOT_RBM_RARE_ZQSQ2>
$$ @vis= VisuAcqRepetitionTime VisuAcqFlipAngle VisuAcqEchoTime
##$VisuAcqScanTime=601600
$$ @vis= VisuAcquisitionProtocol VisuAcqScanTime VisuAcquisition Visu
##END=
