##TITLE=Parameter List
##JCAMPDX=4.24
##DATATYPE=Parameter Values
##ORIGIN=Bruker BioSpin MRI GmbH
##OWNER=ryan
$$ Thu Aug  7 17:29:24 2014 EDT (UT-4h)  ryan
$$ /opt/PV5.1/data/ryan/nmr/RMD272.r81/31/pdata/1/visu_pars
##$VisuVersion=1
##$VisuUid=( 65 )
<2.16.756.5.5.100.278412266.22167.1407446964.880>
##$VisuCreator=( 65 )
<ParaVision>
##$VisuCreatorVersion=( 65 )
<5.1>
##$VisuCreationDate=( 21 )
<17:17:09  7 Aug 2014>
$$ @vis= VisuVersion VisuUid VisuCreator VisuCreatorVersion VisuCreationDate
##$VisuCoreFrameCount=3200
##$VisuCoreDim=1
##$VisuCoreSize=( 1 )
32
##$VisuCoreDimDesc=( 1 )
spectroscopic
$$ @vis= VisuInstance VisuCoreFrameCount VisuCoreDim VisuCoreSize
##$VisuCoreExtent=( 1 )
73.2537534535215
##$VisuCoreUnits=( 1, 65 )
<ppm>
##$VisuCoreDataMin=( 3200 )
0 0 0 0 0 0 0 0 0 0 0 0 0 0 0 0 0 0 0 0 0 0 0 0 0 0 0 0 0 0 0 0 0 0 0 0 0 0 0 
0 0 0 0 0 0 0 0 0 0 0 0 0 0 0 0 0 0 0 0 0 0 0 0 0 0 0 0 0 0 0 0 0 0 0 0 0 0 0 
0 0 0 0 0 0 0 0 0 0 0 0 0 0 0 0 0 0 0 0 0 0 0 0 0 0 0 0 0 0 0 0 0 0 0 0 0 0 0 
0 0 0 0 0 0 0 0 0 0 0 0 0 0 0 0 0 0 0 0 0 0 0 0 0 0 0 0 0 0 0 0 0 0 0 0 0 0 0 
0 0 0 0 0 0 0 0 0 0 0 0 0 0 0 0 0 0 0 0 0 0 0 0 0 0 0 0 0 0 0 0 0 0 0 0 0 0 0 
0 0 0 0 0 0 0 0 0 0 0 0 0 0 0 0 0 0 0 0 0 0 0 0 0 0 0 0 0 0 0 0 0 0 0 0 0 0 0 
0 0 0 0 0 0 0 0 0 0 0 0 0 0 0 0 0 0 0 0 0 0 0 0 0 0 0 0 0 0 0 0 0 0 0 0 0 0 0 
0 0 0 0 0 0 0 0 0 0 0 0 0 0 0 0 0 0 0 0 0 0 0 0 0 0 0 0 0 0 0 0 0 0 0 0 0 0 0 
0 0 0 0 0 0 0 0 0 0 0 0 0 0 0 0 0 0 0 0 0 0 0 0 0 0 0 0 0 0 0 0 0 0 0 0 0 0 0 
0 0 0 0 0 0 0 0 0 0 0 0 0 0 0 0 0 0 0 0 0 0 0 0 0 0 0 0 0 0 0 0 0 0 0 0 0 0 0 
0 0 0 0 0 0 0 0 0 0 0 0 0 0 0 0 0 0 0 0 0 0 0 0 0 0 0 0 0 0 0 0 0 0 0 0 0 0 0 
0 0 0 0 0 0 0 0 0 0 0 0 0 0 0 0 0 0 0 0 0 0 0 0 0 0 0 0 0 0 0 0 0 0 0 0 0 0 0 
0 0 0 0 0 0 0 0 0 0 0 0 0 0 0 0 0 0 0 0 0 0 0 0 0 0 0 0 0 0 0 0 0 0 0 0 0 0 0 
0 0 0 0 0 0 0 0 0 0 0 0 0 0 0 0 0 0 0 0 0 0 0 0 0 0 0 0 0 0 0 0 0 0 0 0 0 0 0 
0 0 0 0 0 0 0 0 0 0 0 0 0 0 0 0 0 0 0 0 0 0 0 0 0 0 0 0 0 0 0 0 0 0 0 0 0 0 0 
0 0 0 0 0 0 0 0 0 0 0 0 0 0 0 0 0 0 0 0 0 0 0 0 0 0 0 0 0 0 0 0 0 0 0 0 0 0 0 
0 0 0 0 0 0 0 0 0 0 0 0 0 0 0 0 0 0 0 0 0 0 0 0 0 0 0 0 0 0 0 0 0 0 0 0 0 0 0 
0 0 0 0 0 0 0 0 0 0 0 0 0 0 0 0 0 0 0 0 0 0 0 0 0 0 0 0 0 0 0 0 0 0 0 0 0 0 0 
0 0 0 0 0 0 0 0 0 0 0 0 0 0 0 0 0 0 0 0 0 0 0 0 0 0 0 0 0 0 0 0 0 0 0 0 0 0 0 
0 0 0 0 0 0 0 0 0 0 0 0 0 0 0 0 0 0 0 0 0 0 0 0 0 0 0 0 0 0 0 0 0 0 0 0 0 0 0 
0 0 0 0 0 0 0 0 0 0 0 0 0 0 0 0 0 0 0 0 0 0 0 0 0 0 0 0 0 0 0 0 0 0 0 0 0 0 0 
0 0 0 0 0 0 0 0 0 0 0 0 0 0 0 0 0 0 0 0 0 0 0 0 0 0 0 0 0 0 0 0 0 0 0 0 0 0 0 
0 0 0 0 0 0 0 0 0 0 0 0 0 0 0 0 0 0 0 0 0 0 0 0 0 0 0 0 0 0 0 0 0 0 0 0 0 0 0 
0 0 0 0 0 0 0 0 0 0 0 0 0 0 0 0 0 0 0 0 0 0 0 0 0 0 0 0 0 0 0 0 0 0 0 0 0 0 0 
0 0 0 0 0 0 0 0 0 0 0 0 0 0 0 0 0 0 0 0 0 0 0 0 0 0 0 0 0 0 0 0 0 0 0 0 0 0 0 
0 0 0 0 0 0 0 0 0 0 0 0 0 0 0 0 0 0 0 0 0 0 0 0 0 0 0 0 0 0 0 0 0 0 0 0 0 0 0 
0 0 0 0 0 0 0 0 0 0 0 0 0 0 0 0 0 0 0 0 0 0 0 0 0 0 0 0 0 0 0 0 0 0 0 0 0 0 0 
0 0 0 0 0 0 0 0 0 0 0 0 0 0 0 0 0 0 0 0 0 0 0 0 0 0 0 0 0 0 0 0 0 0 0 0 0 0 0 
0 0 0 0 0 0 0 0 0 0 0 0 0 0 0 0 0 0 0 0 0 0 0 0 0 0 0 0 0 0 0 0 0 0 0 0 0 0 0 
0 0 0 0 0 0 0 0 0 0 0 0 0 0 0 0 0 0 0 0 0 0 0 0 0 0 0 0 0 0 0 0 0 0 0 0 0 0 0 
0 0 0 0 0 0 0 0 0 0 0 0 0 0 0 0 0 0 0 0 0 0 0 0 0 0 0 0 0 0 0 0 0 0 0 0 0 0 0 
0 0 0 0 0 0 0 0 0 0 0 0 0 0 0 0 0 0 0 0 0 0 0 0 0 0 0 0 0 0 0 0 0 0 0 0 0 0 0 
0 0 0 0 0 0 0 0 0 0 0 0 0 0 0 0 0 0 0 0 0 0 0 0 0 0 0 0 0 0 0 0 0 0 0 0 0 0 0 
0 0 0 0 0 0 0 0 0 0 0 0 0 0 0 0 0 0 0 0 0 0 0 0 0 0 0 0 0 0 0 0 0 0 0 0 0 0 0 
0 0 0 0 0 0 0 0 0 0 0 0 0 0 0 0 0 0 0 0 0 0 0 0 0 0 0 0 0 0 0 0 0 0 0 0 0 0 0 
0 0 0 0 0 0 0 0 0 0 0 0 0 0 0 0 0 0 0 0 0 0 0 0 0 0 0 0 0 0 0 0 0 0 0 0 0 0 0 
0 0 0 0 0 0 0 0 0 0 0 0 0 0 0 0 0 0 0 0 0 0 0 0 0 0 0 0 0 0 0 0 0 0 0 0 0 0 0 
0 0 0 0 0 0 0 0 0 0 0 0 0 0 0 0 0 0 0 0 0 0 0 0 0 0 0 0 0 0 0 0 0 0 0 0 0 0 0 
0 0 0 0 0 0 0 0 0 0 0 0 0 0 0 0 0 0 0 0 0 0 0 0 0 0 0 0 0 0 0 0 0 0 0 0 0 0 0 
0 0 0 0 0 0 0 0 0 0 0 0 0 0 0 0 0 0 0 0 0 0 0 0 0 0 0 0 0 0 0 0 0 0 0 0 0 0 0 
0 0 0 0 0 0 0 0 0 0 0 0 0 0 0 0 0 0 0 0 0 0 0 0 0 0 0 0 0 0 0 0 0 0 0 0 0 0 0 
0 0 0 0 0 0 0 0 0 0 0 0 0 0 0 0 0 0 0 0 0 0 0 0 0 0 0 0 0 0 0 0 0 0 0 0 0 0 0 
0 0 0 0 0 0 0 0 0 0 0 0 0 0 0 0 0 0 0 0 0 0 0 0 0 0 0 0 0 0 0 0 0 0 0 0 0 0 0 
0 0 0 0 0 0 0 0 0 0 0 0 0 0 0 0 0 0 0 0 0 0 0 0 0 0 0 0 0 0 0 0 0 0 0 0 0 0 0 
0 0 0 0 0 0 0 0 0 0 0 0 0 0 0 0 0 0 0 0 0 0 0 0 0 0 0 0 0 0 0 0 0 0 0 0 0 0 0 
0 0 0 0 0 0 0 0 0 0 0 0 0 0 0 0 0 0 0 0 0 0 0 0 0 0 0 0 0 0 0 0 0 0 0 0 0 0 0 
0 0 0 0 0 0 0 0 0 0 0 0 0 0 0 0 0 0 0 0 0 0 0 0 0 0 0 0 0 0 0 0 0 0 0 0 0 0 0 
0 0 0 0 0 0 0 0 0 0 0 0 0 0 0 0 0 0 0 0 0 0 0 0 0 0 0 0 0 0 0 0 0 0 0 0 0 0 0 
0 0 0 0 0 0 0 0 0 0 0 0 0 0 0 0 0 0 0 0 0 0 0 0 0 0 0 0 0 0 0 0 0 0 0 0 0 0 0 
0 0 0 0 0 0 0 0 0 0 0 0 0 0 0 0 0 0 0 0 0 0 0 0 0 0 0 0 0 0 0 0 0 0 0 0 0 0 0 
0 0 0 0 0 0 0 0 0 0 0 0 0 0 0 0 0 0 0 0 0 0 0 0 0 0 0 0 0 0 0 0 0 0 0 0 0 0 0 
0 0 0 0 0 0 0 0 0 0 0 0 0 0 0 0 0 0 0 0 0 0 0 0 0 0 0 0 0 0 0 0 0 0 0 0 0 0 0 
0 0 0 0 0 0 0 0 0 0 0 0 0 0 0 0 0 0 0 0 0 0 0 0 0 0 0 0 0 0 0 0 0 0 0 0 0 0 0 
0 0 0 0 0 0 0 0 0 0 0 0 0 0 0 0 0 0 0 0 0 0 0 0 0 0 0 0 0 0 0 0 0 0 0 0 0 0 0 
0 0 0 0 0 0 0 0 0 0 0 0 0 0 0 0 0 0 0 0 0 0 0 0 0 0 0 0 0 0 0 0 0 0 0 0 0 0 0 
0 0 0 0 0 0 0 0 0 0 0 0 0 0 0 0 0 0 0 0 0 0 0 0 0 0 0 0 0 0 0 0 0 0 0 0 0 0 0 
0 0 0 0 0 0 0 0 0 0 0 0 0 0 0 0 0 0 0 0 0 0 0 0 0 0 0 0 0 0 0 0 0 0 0 0 0 0 0 
0 0 0 0 0 0 0 0 0 0 0 0 0 0 0 0 0 0 0 0 0 0 0 0 0 0 0 0 0 0 0 0 0 0 0 0 0 0 0 
0 0 0 0 0 0 0 0 0 0 0 0 0 0 0 0 0 0 0 0 0 0 0 0 0 0 0 0 0 0 0 0 0 0 0 0 0 0 0 
0 0 0 0 0 0 0 0 0 0 0 0 0 0 0 0 0 0 0 0 0 0 0 0 0 0 0 0 0 0 0 0 0 0 0 0 0 0 0 
0 0 0 0 0 0 0 0 0 0 0 0 0 0 0 0 0 0 0 0 0 0 0 0 0 0 0 0 0 0 0 0 0 0 0 0 0 0 0 
0 0 0 0 0 0 0 0 0 0 0 0 0 0 0 0 0 0 0 0 0 0 0 0 0 0 0 0 0 0 0 0 0 0 0 0 0 0 0 
0 0 0 0 0 0 0 0 0 0 0 0 0 0 0 0 0 0 0 0 0 0 0 0 0 0 0 0 0 0 0 0 0 0 0 0 0 0 0 
0 0 0 0 0 0 0 0 0 0 0 0 0 0 0 0 0 0 0 0 0 0 0 0 0 0 0 0 0 0 0 0 0 0 0 0 0 0 0 
0 0 0 0 0 0 0 0 0 0 0 0 0 0 0 0 0 0 0 0 0 0 0 0 0 0 0 0 0 0 0 0 0 0 0 0 0 0 0 
0 0 0 0 0 0 0 0 0 0 0 0 0 0 0 0 0 0 0 0 0 0 0 0 0 0 0 0 0 0 0 0 0 0 0 0 0 0 0 
0 0 0 0 0 0 0 0 0 0 0 0 0 0 0 0 0 0 0 0 0 0 0 0 0 0 0 0 0 0 0 0 0 0 0 0 0 0 0 
0 0 0 0 0 0 0 0 0 0 0 0 0 0 0 0 0 0 0 0 0 0 0 0 0 0 0 0 0 0 0 0 0 0 0 0 0 0 0 
0 0 0 0 0 0 0 0 0 0 0 0 0 0 0 0 0 0 0 0 0 0 0 0 0 0 0 0 0 0 0 0 0 0 0 0 0 0 0 
0 0 0 0 0 0 0 0 0 0 0 0 0 0 0 0 0 0 0 0 0 0 0 0 0 0 0 0 0 0 0 0 0 0 0 0 0 0 0 
0 0 0 0 0 0 0 0 0 0 0 0 0 0 0 0 0 0 0 0 0 0 0 0 0 0 0 0 0 0 0 0 0 0 0 0 0 0 0 
0 0 0 0 0 0 0 0 0 0 0 0 0 0 0 0 0 0 0 0 0 0 0 0 0 0 0 0 0 0 0 0 0 0 0 0 0 0 0 
0 0 0 0 0 0 0 0 0 0 0 0 0 0 0 0 0 0 0 0 0 0 0 0 0 0 0 0 0 0 0 0 0 0 0 0 0 0 0 
0 0 0 0 0 0 0 0 0 0 0 0 0 0 0 0 0 0 0 0 0 0 0 0 0 0 0 0 0 0 0 0 0 0 0 0 0 0 0 
0 0 0 0 0 0 0 0 0 0 0 0 0 0 0 0 0 0 0 0 0 0 0 0 0 0 0 0 0 0 0 0 0 0 0 0 0 0 0 
0 0 0 0 0 0 0 0 0 0 0 0 0 0 0 0 0 0 0 0 0 0 0 0 0 0 0 0 0 0 0 0 0 0 0 0 0 0 0 
0 0 0 0 0 0 0 0 0 0 0 0 0 0 0 0 0 0 0 0 0 0 0 0 0 0 0 0 0 0 0 0 0 0 0 0 0 0 0 
0 0 0 0 0 0 0 0 0 0 0 0 0 0 0 0 0 0 0 0 0 0 0 0 0 0 0 0 0 0 0 0 0 0 0 0 0 0 0 
0 0 0 0 0 0 0 0 0 0 0 0 0 0 0 0 0 0 0 0 0 0 0 0 0 0 0 0 0 0 0 0 0 0 0 0 0 0 0 
0 0 0 0 0 0 0 0 0 0 0 0 0 0 0 0 0 0 0 0 0 0 0 0 0 0 0 0 0 0 0 0 0 0 0 0 0 0 0 
0 0 0 0 0 0 0 0 0 0 0 0 0 0 0 0 0 0 0 0 0 0 0 0 0 0 0 0 0 0 0 0 0 0 0 0 0 0 0 
0 0 0 0 0 0 0 0 0 0 0 0 0 0 0 0 0 0 0 0 0 0 0 0 0 0 0 0 0 0 0 0 0 0 0 0 0 0 0 
0 0
##$VisuCoreDataMax=( 3200 )
22 3222 3555 26 24 1478 1792 30 31 895 1506 28 29 576 1063 25 28 398 712 18 
23 251 507 21 22 195 374 22 23 136 270 31 20 101 169 23 26 66 137 24 39 4665 
3917 24 32 1996 1939 36 26 1178 1530 32 27 717 1113 27 27 410 798 25 26 256 
550 20 25 219 456 33 30 156 336 32 27 124 220 18 24 78 187 26 26 5382 5194 31 
23 2580 2540 34 34 1633 1742 22 34 1073 1272 31 32 620 733 31 25 334 552 25 
27 244 350 20 23 186 264 24 24 114 149 23 26 97 143 30 31 6425 5813 29 23 
2884 3030 27 28 1629 2194 36 18 1013 1658 35 20 559 995 22 29 325 730 24 31 
216 523 24 18 160 386 18 23 153 217 43 22 109 192 19 26 5308 6971 24 34 2249 
3416 33 30 1387 1923 25 26 975 1167 20 31 581 584 21 19 366 396 25 22 287 308 
32 30 253 235 25 25 252 158 27 18 185 136 26 30 7665 8483 31 40 3562 4221 37 
33 2162 2433 28 41 1385 1664 28 31 950 920 28 26 595 691 22 26 447 435 24 24 
347 325 23 23 295 165 19 23 249 147 20 37 20222 13645 44 50 9041 6879 57 43 
5158 3571 67 49 3322 2390 36 50 1700 839 28 33 884 480 31 44 606 436 24 22 
466 329 20 24 303 230 26 24 270 196 22 69 32744 22389 92 119 14345 11176 110 
92 7996 5773 86 73 5397 3796 82 68 2941 1396 51 53 1771 1031 37 41 1119 456 
30 36 738 361 26 38 390 240 26 29 336 226 23 58 31693 23018 102 95 13831 
11658 111 111 7544 6639 93 90 4564 4732 76 61 2245 2247 70 51 1225 1641 50 34 
645 904 30 34 399 654 35 25 268 382 18 25 248 333 21 29 19430 14226 42 61 
8553 7310 50 52 4608 4048 50 46 2880 2786 36 28 1410 1225 34 28 593 875 34 24 
412 601 38 32 386 429 26 21 264 295 31 23 223 289 28 25 12089 5706 32 43 5634 
2918 39 31 3453 1742 26 29 1973 1180 25 27 1156 765 26 30 785 529 32 28 504 
373 29 26 372 337 21 23 199 256 17 32 156 280 19 20 9664 3609 44 31 4482 1826 
39 31 2721 1125 34 31 1513 831 27 27 820 438 28 27 421 335 22 32 346 251 36 
28 269 269 25 20 188 207 21 23 134 226 24 31 7095 4596 27 38 3533 2246 31 28 
2356 1253 34 22 1814 821 28 26 1180 410 26 28 781 257 21 23 584 190 31 26 430 
163 32 24 253 122 23 20 197 124 29 23 6748 3902 29 44 3108 1925 25 37 1893 
1320 25 32 1404 848 27 30 913 444 28 30 591 271 24 30 420 220 23 24 299 153 
21 27 204 119 20 25 139 113 25 22 5297 3331 23 34 2503 1674 28 40 1722 853 23 
24 1361 556 31 21 911 353 33 29 647 249 25 28 509 184 26 20 391 135 25 25 268 
94 30 25 190 72 25 23 4539 2297 23 31 2177 1177 33 23 1552 717 31 19 1229 489 
31 19 785 347 29 27 516 238 23 23 396 172 26 27 305 123 29 23 204 94 29 19 
147 62 28 23 3204 3566 22 23 1468 1845 30 35 879 1520 36 25 571 1069 27 22 
384 719 28 26 245 518 25 26 212 389 27 20 132 260 27 21 89 161 23 28 75 133 
20 28 4645 3912 37 34 2012 1927 32 27 1174 1564 38 29 701 1112 21 28 415 774 
32 31 254 545 23 27 227 437 26 24 166 326 23 27 115 233 23 32 88 194 22 25 
5381 5235 34 30 2564 2555 31 37 1617 1717 22 30 1064 1266 38 22 618 767 26 28 
332 542 34 28 240 359 23 22 182 261 25 21 129 176 27 25 84 147 22 25 6465 
5825 31 34 2886 3025 23 26 1617 2227 23 23 995 1637 27 31 544 985 25 22 316 
728 26 22 218 510 27 21 162 395 32 34 134 216 26 27 109 195 28 30 5307 7040 
29 28 2252 3457 30 35 1393 1937 24 30 980 1176 27 25 575 593 26 28 371 385 26 
27 295 303 25 24 233 227 19 24 259 182 24 31 188 134 28 24 7728 8531 32 29 
3586 4236 49 43 2182 2436 29 32 1402 1647 28 24 953 922 24 25 612 700 26 22 
449 417 26 22 341 325 25 26 298 164 29 36 259 128 29 35 20429 13644 74 54 
9180 6865 57 49 5240 3543 43 40 3374 2404 40 35 1752 815 26 30 903 494 32 32 
645 446 31 22 456 327 18 31 298 244 23 29 266 213 31 70 32767 22428 83 89 
14344 11166 103 102 8021 5759 100 81 5388 3769 70 60 2920 1374 49 52 1781 
1011 50 50 1096 441 25 29 753 338 27 25 389 236 30 29 331 247 24 55 31534 
22926 92 100 13802 11591 104 102 7515 6599 90 78 4508 4690 72 62 2226 2220 58 
53 1243 1614 51 40 640 896 27 27 404 661 30 25 261 371 21 22 245 317 23 39 
19387 14133 45 55 8476 7295 50 48 4581 4032 54 37 2859 2782 43 31 1404 1236 
35 35 605 881 26 22 412 598 20 21 374 442 22 26 262 296 21 21 217 275 23 24 
12020 5657 32 41 5614 2858 41 29 3438 1732 25 26 1975 1139 25 25 1157 755 37 
26 784 522 28 28 500 364 22 20 382 337 21 21 195 245 28 30 150 267 31 28 9626 
3599 37 31 4458 1818 32 35 2678 1119 32 22 1516 798 31 21 796 440 24 23 432 
327 25 24 335 258 30 27 264 275 23 22 188 183 31 18 139 206 19 32 7048 4546 
35 25 3518 2223 38 28 2349 1260 35 27 1799 823 24 31 1171 396 22 28 775 255 
27 22 584 193 29 28 419 146 26 26 257 100 25 25 194 113 19 30 6651 3895 31 34 
3067 1898 33 33 1891 1330 25 29 1392 869 27 22 899 465 22 24 575 287 29 25 
405 210 30 24 301 173 22 28 204 118 24 22 144 78 23 32 5333 3260 35 23 2482 
1648 28 36 1706 842 33 30 1338 570 31 28 886 349 22 20 639 252 25 29 480 194 
26 24 397 148 18 25 260 77 28 22 216 91 25 25 4494 2285 22 26 2167 1161 27 23 
1543 709 19 31 1202 495 29 25 800 333 38 28 544 227 25 21 411 177 21 20 302 
128 29 30 203 103 25 21 138 63 22 26 3179 3537 37 41 1463 1823 26 29 914 1507 
26 30 583 1067 23 22 400 714 25 21 247 504 26 29 198 388 22 24 140 259 25 26 
79 166 24 25 70 136 22 29 4647 3895 26 30 1995 1923 32 30 1165 1551 29 28 707 
1118 26 22 418 765 21 27 263 531 30 26 223 451 25 22 160 318 30 24 101 232 21 
25 86 206 23 24 5356 5158 31 31 2560 2537 27 32 1628 1728 28 35 1064 1269 22 
22 621 745 27 24 347 542 20 24 247 357 35 26 175 269 21 26 120 149 21 27 102 
129 20 27 6442 5819 23 27 2879 3015 29 24 1631 2223 27 28 1008 1626 22 30 546 
995 28 22 325 745 21 23 225 522 28 22 157 402 25 24 135 224 30 21 96 173 27 
32 5297 6988 33 36 2242 3443 33 36 1387 1949 23 25 995 1193 28 27 587 592 21 
23 386 404 23 18 290 321 22 22 258 239 23 23 258 158 27 25 180 135 25 27 7656 
8485 35 48 3554 4225 36 28 2166 2467 25 29 1391 1661 24 29 943 897 27 25 604 
696 23 29 447 408 27 19 327 312 30 24 278 166 35 18 222 144 23 43 20314 13558 
59 51 9175 6792 54 51 5228 3517 43 35 3372 2370 43 43 1711 816 29 30 897 501 
31 34 639 439 25 28 447 346 23 26 289 237 25 25 269 218 19 58 32704 22401 89 
100 14324 11150 102 108 7997 5713 82 92 5372 3766 64 60 2910 1361 44 54 1765 
1019 37 40 1102 438 40 36 749 331 23 24 404 230 22 29 326 231 29 56 31663 
22886 96 119 13852 11571 109 97 7554 6592 87 94 4536 4670 72 61 2243 2241 68 
55 1225 1619 37 49 657 890 29 31 400 655 31 24 280 373 33 27 232 308 28 41 
19316 14138 42 59 8480 7299 51 55 4632 4009 49 47 2889 2754 35 33 1432 1196 
28 30 605 887 39 25 438 595 26 29 365 424 33 26 255 290 18 35 216 281 28 25 
12026 5679 36 32 5614 2934 35 32 3444 1737 30 29 1972 1187 29 21 1159 786 25 
24 774 536 28 24 513 363 25 29 366 318 23 28 200 241 22 30 147 279 26 24 9631 
3594 32 21 4489 1800 45 35 2681 1128 37 30 1477 816 29 29 810 436 27 23 426 
323 30 24 337 267 27 30 280 270 27 29 170 192 26 24 161 217 30 27 7053 4552 
32 28 3501 2234 34 32 2330 1261 31 30 1784 808 27 26 1175 398 25 19 779 259 
20 28 559 186 26 22 436 160 23 25 254 108 27 20 203 139 21 28 6610 3896 38 45 
3069 1900 27 24 1882 1324 24 25 1399 845 27 23 903 459 22 25 582 291 28 26 
404 230 20 24 321 166 19 23 198 112 29 24 152 110 20 26 5311 3257 26 20 2505 
1635 33 34 1686 816 26 25 1340 564 23 27 889 345 26 25 652 247 23 35 470 193 
25 20 404 141 25 26 242 99 23 20 217 74 20 21 4505 2285 32 32 2188 1127 29 26 
1572 714 32 23 1224 500 21 28 804 330 32 24 546 237 25 25 398 170 21 25 308 
114 31 32 197 109 24 23 154 75 29 25 3196 3521 29 30 1483 1828 32 25 905 1493 
28 30 601 1070 23 27 403 713 29 26 253 493 23 32 200 379 22 25 131 277 20 26 
90 159 24 23 78 150 27 22 4625 3904 21 30 1999 1927 24 24 1175 1556 32 34 697 
1113 22 27 412 766 24 31 253 560 24 22 225 449 22 16 154 324 26 27 105 232 18 
26 75 196 26 28 5366 5175 27 32 2567 2521 32 31 1631 1757 30 26 1067 1280 24 
22 621 756 39 29 343 563 24 23 238 355 21 25 169 257 22 30 117 169 24 22 94 
133 26 38 6433 5828 27 24 2880 3027 29 33 1627 2227 36 26 1003 1644 26 25 555 
1000 23 27 312 730 21 26 226 542 23 22 174 399 21 23 143 229 29 21 96 206 29 
36 5307 6991 26 34 2240 3422 31 37 1382 1919 33 29 985 1158 22 27 572 590 26 
21 387 403 25 26 287 333 25 23 218 239 21 23 247 164 26 33 189 136 21 28 7644 
8474 33 45 3522 4231 32 33 2131 2450 33 26 1386 1642 27 29 972 919 32 25 615 
681 28 24 450 423 28 22 330 328 28 18 285 168 28 20 249 144 30 32 20324 13535 
57 53 9162 6831 55 50 5172 3562 46 54 3308 2402 29 29 1700 851 32 36 872 488 
24 32 626 446 27 27 437 343 25 33 309 239 31 28 269 207 27 54 32731 22364 87 
92 14348 11133 103 106 8015 5722 87 92 5416 3771 71 65 2928 1398 59 54 1791 
1015 47 30 1110 431 29 22 755 333 26 22 406 242 30 25 336 228 27 60 31520 
22893 82 107 13840 11548 103 107 7536 6582 88 78 4528 4668 70 71 2219 2232 58 
48 1253 1613 41 33 664 906 46 28 408 660 29 30 264 378 28 21 227 310 26 27 
19335 14109 43 52 8508 7269 47 53 4611 3976 48 45 2862 2716 38 26 1412 1191 
32 31 605 871 29 32 425 584 18 26 377 429 23 20 266 289 25 29 225 304 26 24 
12039 5645 32 34 5621 2895 38 29 3436 1734 33 22 1980 1170 32 25 1167 771 27 
21 780 543 19 32 489 357 33 26 366 329 33 24 202 238 22 26 156 269 22 19 9623 
3606 43 36 4487 1816 33 30 2706 1110 24 25 1514 818 30 24 808 432 29 26 419 
338 21 24 320 256 28 33 267 262 31 24 196 203 24 25 136 226 27 26 7056 4539 
28 25 3510 2240 31 27 2354 1251 28 20 1817 819 27 20 1192 404 21 31 778 254 
29 24 570 180 28 24 434 163 23 30 265 120 28 23 204 135 25 21 6619 3900 30 39 
3033 1904 24 27 1888 1330 27 27 1396 877 29 21 935 480 21 22 573 309 30 26 
400 220 25 20 306 163 17 25 186 113 27 27 161 95 23 21 5323 3241 31 32 2497 
1642 28 26 1688 831 21 24 1358 560 25 23 893 334 31 27 654 241 18 24 483 186 
22 24 406 151 19 23 245 99 24 22 213 77 18 25 4505 2296 23 20 2182 1124 25 25 
1569 711 23 36 1206 494 32 27 806 334 29 27 533 245 33 30 401 186 37 25 305 
135 25 26 210 80 23 23 153 65 18 25 3179 3522 29 26 1458 1815 31 30 918 1516 
28 33 581 1087 25 29 401 705 22 27 274 507 25 21 207 392 24 26 142 279 24 20 
106 180 26 19 74 153 31 32 4607 3877 34 25 1977 1925 34 31 1145 1559 26 22 
683 1105 29 25 427 770 21 25 263 545 20 19 217 438 20 24 156 347 30 27 102 
234 26 25 78 193 20 20 5364 5177 26 35 2558 2531 32 34 1637 1714 25 39 1079 
1241 31 23 612 744 23 26 364 528 32 28 237 344 29 26 169 263 23 23 124 178 25 
28 94 128 19 22 6435 5819 26 30 2884 3013 30 28 1623 2218 41 31 1005 1638 32 
25 560 995 24 18 302 728 22 28 205 530 30 20 157 375 27 17 136 239 23 26 92 
192 19 26 5330 6973 28 39 2267 3419 30 37 1386 1918 29 38 984 1156 24 41 573 
588 28 26 389 412 28 22 278 311 28 26 235 227 29 26 279 170 23 28 196 138 22 
27 7663 8504 27 31 3551 4214 42 32 2165 2441 27 34 1412 1636 25 24 970 910 28 
22 600 674 22 29 442 435 28 28 336 306 24 30 312 176 18 24 258 143 29 25 
20207 13642 50 47 9084 6893 50 55 5162 3547 63 39 3327 2395 42 35 1704 839 26 
40 880 488 26 41 635 442 27 34 456 333 24 27 301 252 19 23 272 212 26 57 
32699 22369 82 100 14329 11135 105 82 7988 5712 95 84 5384 3773 63 57 2914 
1364 49 48 1754 1012 47 33 1090 440 36 33 735 341 25 23 401 231 33 22 320 234 
26 55 31596 22874 90 108 13781 11622 93 91 7520 6606 95 86 4500 4692 73 56 
2228 2225 51 55 1242 1617 49 40 642 887 43 33 404 632 25 20 285 365 33 26 239 
324 25 34 19399 14138 42 66 8539 7298 46 60 4611 4047 53 42 2863 2764 35 36 
1403 1222 40 31 578 883 38 32 420 583 21 23 379 421 27 19 248 289 29 23 237 
301 30 29 12017 5657 41 37 5629 2879 37 45 3443 1735 38 31 1988 1181 38 32 
1164 764 30 34 778 534 29 23 500 366 22 23 367 336 27 23 193 236 22 31 157 
283 27 33 9636 3607 30 38 4441 1805 30 24 2689 1121 28 37 1495 816 29 23 800 
441 23 21 418 319 31 20 352 255 29 30 268 263 31 23 183 206 39 22 139 214 21 
25 7054 4546 22 28 3501 2231 27 31 2362 1248 23 30 1792 819 22 33 1176 411 20 
26 774 244 19 29 581 184 23 17 443 156 24 23 255 129 21 17 195 108 29 19 6716 
3908 35 30 3091 1905 41 37 1906 1332 34 26 1417 864 27 31 913 462 32 35 557 
276 21 21 415 210 19 28 310 174 20 19 188 99 28 27 157 96 24 28 5287 3270 38 
28 2494 1644 36 33 1702 824 23 34 1361 554 27 20 904 351 24 27 640 250 30 27 
476 204 23 27 410 161 26 21 257 83 21 28 211 84 29 29 4483 2288 23 36 2176 
1142 31 27 1541 712 26 27 1212 479 33 25 803 324 26 18 548 239 27 24 403 166 
22 22 322 121 30 26 216 104 25 19 147 80 27
$$ @vis= VisuCoreDimDesc VisuCoreExtent VisuCoreUnits VisuCoreDataMin
##$VisuCoreDataOffs=( 3200 )
0 0 0 0 0 0 0 0 0 0 0 0 0 0 0 0 0 0 0 0 0 0 0 0 0 0 0 0 0 0 0 0 0 0 0 0 0 0 0 
0 0 0 0 0 0 0 0 0 0 0 0 0 0 0 0 0 0 0 0 0 0 0 0 0 0 0 0 0 0 0 0 0 0 0 0 0 0 0 
0 0 0 0 0 0 0 0 0 0 0 0 0 0 0 0 0 0 0 0 0 0 0 0 0 0 0 0 0 0 0 0 0 0 0 0 0 0 0 
0 0 0 0 0 0 0 0 0 0 0 0 0 0 0 0 0 0 0 0 0 0 0 0 0 0 0 0 0 0 0 0 0 0 0 0 0 0 0 
0 0 0 0 0 0 0 0 0 0 0 0 0 0 0 0 0 0 0 0 0 0 0 0 0 0 0 0 0 0 0 0 0 0 0 0 0 0 0 
0 0 0 0 0 0 0 0 0 0 0 0 0 0 0 0 0 0 0 0 0 0 0 0 0 0 0 0 0 0 0 0 0 0 0 0 0 0 0 
0 0 0 0 0 0 0 0 0 0 0 0 0 0 0 0 0 0 0 0 0 0 0 0 0 0 0 0 0 0 0 0 0 0 0 0 0 0 0 
0 0 0 0 0 0 0 0 0 0 0 0 0 0 0 0 0 0 0 0 0 0 0 0 0 0 0 0 0 0 0 0 0 0 0 0 0 0 0 
0 0 0 0 0 0 0 0 0 0 0 0 0 0 0 0 0 0 0 0 0 0 0 0 0 0 0 0 0 0 0 0 0 0 0 0 0 0 0 
0 0 0 0 0 0 0 0 0 0 0 0 0 0 0 0 0 0 0 0 0 0 0 0 0 0 0 0 0 0 0 0 0 0 0 0 0 0 0 
0 0 0 0 0 0 0 0 0 0 0 0 0 0 0 0 0 0 0 0 0 0 0 0 0 0 0 0 0 0 0 0 0 0 0 0 0 0 0 
0 0 0 0 0 0 0 0 0 0 0 0 0 0 0 0 0 0 0 0 0 0 0 0 0 0 0 0 0 0 0 0 0 0 0 0 0 0 0 
0 0 0 0 0 0 0 0 0 0 0 0 0 0 0 0 0 0 0 0 0 0 0 0 0 0 0 0 0 0 0 0 0 0 0 0 0 0 0 
0 0 0 0 0 0 0 0 0 0 0 0 0 0 0 0 0 0 0 0 0 0 0 0 0 0 0 0 0 0 0 0 0 0 0 0 0 0 0 
0 0 0 0 0 0 0 0 0 0 0 0 0 0 0 0 0 0 0 0 0 0 0 0 0 0 0 0 0 0 0 0 0 0 0 0 0 0 0 
0 0 0 0 0 0 0 0 0 0 0 0 0 0 0 0 0 0 0 0 0 0 0 0 0 0 0 0 0 0 0 0 0 0 0 0 0 0 0 
0 0 0 0 0 0 0 0 0 0 0 0 0 0 0 0 0 0 0 0 0 0 0 0 0 0 0 0 0 0 0 0 0 0 0 0 0 0 0 
0 0 0 0 0 0 0 0 0 0 0 0 0 0 0 0 0 0 0 0 0 0 0 0 0 0 0 0 0 0 0 0 0 0 0 0 0 0 0 
0 0 0 0 0 0 0 0 0 0 0 0 0 0 0 0 0 0 0 0 0 0 0 0 0 0 0 0 0 0 0 0 0 0 0 0 0 0 0 
0 0 0 0 0 0 0 0 0 0 0 0 0 0 0 0 0 0 0 0 0 0 0 0 0 0 0 0 0 0 0 0 0 0 0 0 0 0 0 
0 0 0 0 0 0 0 0 0 0 0 0 0 0 0 0 0 0 0 0 0 0 0 0 0 0 0 0 0 0 0 0 0 0 0 0 0 0 0 
0 0 0 0 0 0 0 0 0 0 0 0 0 0 0 0 0 0 0 0 0 0 0 0 0 0 0 0 0 0 0 0 0 0 0 0 0 0 0 
0 0 0 0 0 0 0 0 0 0 0 0 0 0 0 0 0 0 0 0 0 0 0 0 0 0 0 0 0 0 0 0 0 0 0 0 0 0 0 
0 0 0 0 0 0 0 0 0 0 0 0 0 0 0 0 0 0 0 0 0 0 0 0 0 0 0 0 0 0 0 0 0 0 0 0 0 0 0 
0 0 0 0 0 0 0 0 0 0 0 0 0 0 0 0 0 0 0 0 0 0 0 0 0 0 0 0 0 0 0 0 0 0 0 0 0 0 0 
0 0 0 0 0 0 0 0 0 0 0 0 0 0 0 0 0 0 0 0 0 0 0 0 0 0 0 0 0 0 0 0 0 0 0 0 0 0 0 
0 0 0 0 0 0 0 0 0 0 0 0 0 0 0 0 0 0 0 0 0 0 0 0 0 0 0 0 0 0 0 0 0 0 0 0 0 0 0 
0 0 0 0 0 0 0 0 0 0 0 0 0 0 0 0 0 0 0 0 0 0 0 0 0 0 0 0 0 0 0 0 0 0 0 0 0 0 0 
0 0 0 0 0 0 0 0 0 0 0 0 0 0 0 0 0 0 0 0 0 0 0 0 0 0 0 0 0 0 0 0 0 0 0 0 0 0 0 
0 0 0 0 0 0 0 0 0 0 0 0 0 0 0 0 0 0 0 0 0 0 0 0 0 0 0 0 0 0 0 0 0 0 0 0 0 0 0 
0 0 0 0 0 0 0 0 0 0 0 0 0 0 0 0 0 0 0 0 0 0 0 0 0 0 0 0 0 0 0 0 0 0 0 0 0 0 0 
0 0 0 0 0 0 0 0 0 0 0 0 0 0 0 0 0 0 0 0 0 0 0 0 0 0 0 0 0 0 0 0 0 0 0 0 0 0 0 
0 0 0 0 0 0 0 0 0 0 0 0 0 0 0 0 0 0 0 0 0 0 0 0 0 0 0 0 0 0 0 0 0 0 0 0 0 0 0 
0 0 0 0 0 0 0 0 0 0 0 0 0 0 0 0 0 0 0 0 0 0 0 0 0 0 0 0 0 0 0 0 0 0 0 0 0 0 0 
0 0 0 0 0 0 0 0 0 0 0 0 0 0 0 0 0 0 0 0 0 0 0 0 0 0 0 0 0 0 0 0 0 0 0 0 0 0 0 
0 0 0 0 0 0 0 0 0 0 0 0 0 0 0 0 0 0 0 0 0 0 0 0 0 0 0 0 0 0 0 0 0 0 0 0 0 0 0 
0 0 0 0 0 0 0 0 0 0 0 0 0 0 0 0 0 0 0 0 0 0 0 0 0 0 0 0 0 0 0 0 0 0 0 0 0 0 0 
0 0 0 0 0 0 0 0 0 0 0 0 0 0 0 0 0 0 0 0 0 0 0 0 0 0 0 0 0 0 0 0 0 0 0 0 0 0 0 
0 0 0 0 0 0 0 0 0 0 0 0 0 0 0 0 0 0 0 0 0 0 0 0 0 0 0 0 0 0 0 0 0 0 0 0 0 0 0 
0 0 0 0 0 0 0 0 0 0 0 0 0 0 0 0 0 0 0 0 0 0 0 0 0 0 0 0 0 0 0 0 0 0 0 0 0 0 0 
0 0 0 0 0 0 0 0 0 0 0 0 0 0 0 0 0 0 0 0 0 0 0 0 0 0 0 0 0 0 0 0 0 0 0 0 0 0 0 
0 0 0 0 0 0 0 0 0 0 0 0 0 0 0 0 0 0 0 0 0 0 0 0 0 0 0 0 0 0 0 0 0 0 0 0 0 0 0 
0 0 0 0 0 0 0 0 0 0 0 0 0 0 0 0 0 0 0 0 0 0 0 0 0 0 0 0 0 0 0 0 0 0 0 0 0 0 0 
0 0 0 0 0 0 0 0 0 0 0 0 0 0 0 0 0 0 0 0 0 0 0 0 0 0 0 0 0 0 0 0 0 0 0 0 0 0 0 
0 0 0 0 0 0 0 0 0 0 0 0 0 0 0 0 0 0 0 0 0 0 0 0 0 0 0 0 0 0 0 0 0 0 0 0 0 0 0 
0 0 0 0 0 0 0 0 0 0 0 0 0 0 0 0 0 0 0 0 0 0 0 0 0 0 0 0 0 0 0 0 0 0 0 0 0 0 0 
0 0 0 0 0 0 0 0 0 0 0 0 0 0 0 0 0 0 0 0 0 0 0 0 0 0 0 0 0 0 0 0 0 0 0 0 0 0 0 
0 0 0 0 0 0 0 0 0 0 0 0 0 0 0 0 0 0 0 0 0 0 0 0 0 0 0 0 0 0 0 0 0 0 0 0 0 0 0 
0 0 0 0 0 0 0 0 0 0 0 0 0 0 0 0 0 0 0 0 0 0 0 0 0 0 0 0 0 0 0 0 0 0 0 0 0 0 0 
0 0 0 0 0 0 0 0 0 0 0 0 0 0 0 0 0 0 0 0 0 0 0 0 0 0 0 0 0 0 0 0 0 0 0 0 0 0 0 
0 0 0 0 0 0 0 0 0 0 0 0 0 0 0 0 0 0 0 0 0 0 0 0 0 0 0 0 0 0 0 0 0 0 0 0 0 0 0 
0 0 0 0 0 0 0 0 0 0 0 0 0 0 0 0 0 0 0 0 0 0 0 0 0 0 0 0 0 0 0 0 0 0 0 0 0 0 0 
0 0 0 0 0 0 0 0 0 0 0 0 0 0 0 0 0 0 0 0 0 0 0 0 0 0 0 0 0 0 0 0 0 0 0 0 0 0 0 
0 0 0 0 0 0 0 0 0 0 0 0 0 0 0 0 0 0 0 0 0 0 0 0 0 0 0 0 0 0 0 0 0 0 0 0 0 0 0 
0 0 0 0 0 0 0 0 0 0 0 0 0 0 0 0 0 0 0 0 0 0 0 0 0 0 0 0 0 0 0 0 0 0 0 0 0 0 0 
0 0 0 0 0 0 0 0 0 0 0 0 0 0 0 0 0 0 0 0 0 0 0 0 0 0 0 0 0 0 0 0 0 0 0 0 0 0 0 
0 0 0 0 0 0 0 0 0 0 0 0 0 0 0 0 0 0 0 0 0 0 0 0 0 0 0 0 0 0 0 0 0 0 0 0 0 0 0 
0 0 0 0 0 0 0 0 0 0 0 0 0 0 0 0 0 0 0 0 0 0 0 0 0 0 0 0 0 0 0 0 0 0 0 0 0 0 0 
0 0 0 0 0 0 0 0 0 0 0 0 0 0 0 0 0 0 0 0 0 0 0 0 0 0 0 0 0 0 0 0 0 0 0 0 0 0 0 
0 0 0 0 0 0 0 0 0 0 0 0 0 0 0 0 0 0 0 0 0 0 0 0 0 0 0 0 0 0 0 0 0 0 0 0 0 0 0 
0 0 0 0 0 0 0 0 0 0 0 0 0 0 0 0 0 0 0 0 0 0 0 0 0 0 0 0 0 0 0 0 0 0 0 0 0 0 0 
0 0 0 0 0 0 0 0 0 0 0 0 0 0 0 0 0 0 0 0 0 0 0 0 0 0 0 0 0 0 0 0 0 0 0 0 0 0 0 
0 0 0 0 0 0 0 0 0 0 0 0 0 0 0 0 0 0 0 0 0 0 0 0 0 0 0 0 0 0 0 0 0 0 0 0 0 0 0 
0 0 0 0 0 0 0 0 0 0 0 0 0 0 0 0 0 0 0 0 0 0 0 0 0 0 0 0 0 0 0 0 0 0 0 0 0 0 0 
0 0 0 0 0 0 0 0 0 0 0 0 0 0 0 0 0 0 0 0 0 0 0 0 0 0 0 0 0 0 0 0 0 0 0 0 0 0 0 
0 0 0 0 0 0 0 0 0 0 0 0 0 0 0 0 0 0 0 0 0 0 0 0 0 0 0 0 0 0 0 0 0 0 0 0 0 0 0 
0 0 0 0 0 0 0 0 0 0 0 0 0 0 0 0 0 0 0 0 0 0 0 0 0 0 0 0 0 0 0 0 0 0 0 0 0 0 0 
0 0 0 0 0 0 0 0 0 0 0 0 0 0 0 0 0 0 0 0 0 0 0 0 0 0 0 0 0 0 0 0 0 0 0 0 0 0 0 
0 0 0 0 0 0 0 0 0 0 0 0 0 0 0 0 0 0 0 0 0 0 0 0 0 0 0 0 0 0 0 0 0 0 0 0 0 0 0 
0 0 0 0 0 0 0 0 0 0 0 0 0 0 0 0 0 0 0 0 0 0 0 0 0 0 0 0 0 0 0 0 0 0 0 0 0 0 0 
0 0 0 0 0 0 0 0 0 0 0 0 0 0 0 0 0 0 0 0 0 0 0 0 0 0 0 0 0 0 0 0 0 0 0 0 0 0 0 
0 0 0 0 0 0 0 0 0 0 0 0 0 0 0 0 0 0 0 0 0 0 0 0 0 0 0 0 0 0 0 0 0 0 0 0 0 0 0 
0 0 0 0 0 0 0 0 0 0 0 0 0 0 0 0 0 0 0 0 0 0 0 0 0 0 0 0 0 0 0 0 0 0 0 0 0 0 0 
0 0 0 0 0 0 0 0 0 0 0 0 0 0 0 0 0 0 0 0 0 0 0 0 0 0 0 0 0 0 0 0 0 0 0 0 0 0 0 
0 0 0 0 0 0 0 0 0 0 0 0 0 0 0 0 0 0 0 0 0 0 0 0 0 0 0 0 0 0 0 0 0 0 0 0 0 0 0 
0 0 0 0 0 0 0 0 0 0 0 0 0 0 0 0 0 0 0 0 0 0 0 0 0 0 0 0 0 0 0 0 0 0 0 0 0 0 0 
0 0 0 0 0 0 0 0 0 0 0 0 0 0 0 0 0 0 0 0 0 0 0 0 0 0 0 0 0 0 0 0 0 0 0 0 0 0 0 
0 0 0 0 0 0 0 0 0 0 0 0 0 0 0 0 0 0 0 0 0 0 0 0 0 0 0 0 0 0 0 0 0 0 0 0 0 0 0 
0 0 0 0 0 0 0 0 0 0 0 0 0 0 0 0 0 0 0 0 0 0 0 0 0 0 0 0 0 0 0 0 0 0 0 0 0 0 0 
0 0 0 0 0 0 0 0 0 0 0 0 0 0 0 0 0 0 0 0 0 0 0 0 0 0 0 0 0 0 0 0 0 0 0 0 0 0 0 
0 0 0 0 0 0 0 0 0 0 0 0 0 0 0 0 0 0 0 0 0 0 0 0 0 0 0 0 0 0 0 0 0 0 0 0 0 0 0 
0 0 0 0 0 0 0 0 0 0 0 0 0 0 0 0 0 0 0 0 0 0 0 0 0 0 0 0 0 0 0 0 0 0 0 0 0 0 0 
0 0
##$VisuCoreDataSlope=( 3200 )
11.2166200664568 11.2166200664568 11.2166200664568 11.2166200664568 
11.2166200664568 11.2166200664568 11.2166200664568 11.2166200664568 
11.2166200664568 11.2166200664568 11.2166200664568 11.2166200664568 
11.2166200664568 11.2166200664568 11.2166200664568 11.2166200664568 
11.2166200664568 11.2166200664568 11.2166200664568 11.2166200664568 
11.2166200664568 11.2166200664568 11.2166200664568 11.2166200664568 
11.2166200664568 11.2166200664568 11.2166200664568 11.2166200664568 
11.2166200664568 11.2166200664568 11.2166200664568 11.2166200664568 
11.2166200664568 11.2166200664568 11.2166200664568 11.2166200664568 
11.2166200664568 11.2166200664568 11.2166200664568 11.2166200664568 
11.2166200664568 11.2166200664568 11.2166200664568 11.2166200664568 
11.2166200664568 11.2166200664568 11.2166200664568 11.2166200664568 
11.2166200664568 11.2166200664568 11.2166200664568 11.2166200664568 
11.2166200664568 11.2166200664568 11.2166200664568 11.2166200664568 
11.2166200664568 11.2166200664568 11.2166200664568 11.2166200664568 
11.2166200664568 11.2166200664568 11.2166200664568 11.2166200664568 
11.2166200664568 11.2166200664568 11.2166200664568 11.2166200664568 
11.2166200664568 11.2166200664568 11.2166200664568 11.2166200664568 
11.2166200664568 11.2166200664568 11.2166200664568 11.2166200664568 
11.2166200664568 11.2166200664568 11.2166200664568 11.2166200664568 
11.2166200664568 11.2166200664568 11.2166200664568 11.2166200664568 
11.2166200664568 11.2166200664568 11.2166200664568 11.2166200664568 
11.2166200664568 11.2166200664568 11.2166200664568 11.2166200664568 
11.2166200664568 11.2166200664568 11.2166200664568 11.2166200664568 
11.2166200664568 11.2166200664568 11.2166200664568 11.2166200664568 
11.2166200664568 11.2166200664568 11.2166200664568 11.2166200664568 
11.2166200664568 11.2166200664568 11.2166200664568 11.2166200664568 
11.2166200664568 11.2166200664568 11.2166200664568 11.2166200664568 
11.2166200664568 11.2166200664568 11.2166200664568 11.2166200664568 
11.2166200664568 11.2166200664568 11.2166200664568 11.2166200664568 
11.2166200664568 11.2166200664568 11.2166200664568 11.2166200664568 
11.2166200664568 11.2166200664568 11.2166200664568 11.2166200664568 
11.2166200664568 11.2166200664568 11.2166200664568 11.2166200664568 
11.2166200664568 11.2166200664568 11.2166200664568 11.2166200664568 
11.2166200664568 11.2166200664568 11.2166200664568 11.2166200664568 
11.2166200664568 11.2166200664568 11.2166200664568 11.2166200664568 
11.2166200664568 11.2166200664568 11.2166200664568 11.2166200664568 
11.2166200664568 11.2166200664568 11.2166200664568 11.2166200664568 
11.2166200664568 11.2166200664568 11.2166200664568 11.2166200664568 
11.2166200664568 11.2166200664568 11.2166200664568 11.2166200664568 
11.2166200664568 11.2166200664568 11.2166200664568 11.2166200664568 
11.2166200664568 11.2166200664568 11.2166200664568 11.2166200664568 
11.2166200664568 11.2166200664568 11.2166200664568 11.2166200664568 
11.2166200664568 11.2166200664568 11.2166200664568 11.2166200664568 
11.2166200664568 11.2166200664568 11.2166200664568 11.2166200664568 
11.2166200664568 11.2166200664568 11.2166200664568 11.2166200664568 
11.2166200664568 11.2166200664568 11.2166200664568 11.2166200664568 
11.2166200664568 11.2166200664568 11.2166200664568 11.2166200664568 
11.2166200664568 11.2166200664568 11.2166200664568 11.2166200664568 
11.2166200664568 11.2166200664568 11.2166200664568 11.2166200664568 
11.2166200664568 11.2166200664568 11.2166200664568 11.2166200664568 
11.2166200664568 11.2166200664568 11.2166200664568 11.2166200664568 
11.2166200664568 11.2166200664568 11.2166200664568 11.2166200664568 
11.2166200664568 11.2166200664568 11.2166200664568 11.2166200664568 
11.2166200664568 11.2166200664568 11.2166200664568 11.2166200664568 
11.2166200664568 11.2166200664568 11.2166200664568 11.2166200664568 
11.2166200664568 11.2166200664568 11.2166200664568 11.2166200664568 
11.2166200664568 11.2166200664568 11.2166200664568 11.2166200664568 
11.2166200664568 11.2166200664568 11.2166200664568 11.2166200664568 
11.2166200664568 11.2166200664568 11.2166200664568 11.2166200664568 
11.2166200664568 11.2166200664568 11.2166200664568 11.2166200664568 
11.2166200664568 11.2166200664568 11.2166200664568 11.2166200664568 
11.2166200664568 11.2166200664568 11.2166200664568 11.2166200664568 
11.2166200664568 11.2166200664568 11.2166200664568 11.2166200664568 
11.2166200664568 11.2166200664568 11.2166200664568 11.2166200664568 
11.2166200664568 11.2166200664568 11.2166200664568 11.2166200664568 
11.2166200664568 11.2166200664568 11.2166200664568 11.2166200664568 
11.2166200664568 11.2166200664568 11.2166200664568 11.2166200664568 
11.2166200664568 11.2166200664568 11.2166200664568 11.2166200664568 
11.2166200664568 11.2166200664568 11.2166200664568 11.2166200664568 
11.2166200664568 11.2166200664568 11.2166200664568 11.2166200664568 
11.2166200664568 11.2166200664568 11.2166200664568 11.2166200664568 
11.2166200664568 11.2166200664568 11.2166200664568 11.2166200664568 
11.2166200664568 11.2166200664568 11.2166200664568 11.2166200664568 
11.2166200664568 11.2166200664568 11.2166200664568 11.2166200664568 
11.2166200664568 11.2166200664568 11.2166200664568 11.2166200664568 
11.2166200664568 11.2166200664568 11.2166200664568 11.2166200664568 
11.2166200664568 11.2166200664568 11.2166200664568 11.2166200664568 
11.2166200664568 11.2166200664568 11.2166200664568 11.2166200664568 
11.2166200664568 11.2166200664568 11.2166200664568 11.2166200664568 
11.2166200664568 11.2166200664568 11.2166200664568 11.2166200664568 
11.2166200664568 11.2166200664568 11.2166200664568 11.2166200664568 
11.2166200664568 11.2166200664568 11.2166200664568 11.2166200664568 
11.2166200664568 11.2166200664568 11.2166200664568 11.2166200664568 
11.2166200664568 11.2166200664568 11.2166200664568 11.2166200664568 
11.2166200664568 11.2166200664568 11.2166200664568 11.2166200664568 
11.2166200664568 11.2166200664568 11.2166200664568 11.2166200664568 
11.2166200664568 11.2166200664568 11.2166200664568 11.2166200664568 
11.2166200664568 11.2166200664568 11.2166200664568 11.2166200664568 
11.2166200664568 11.2166200664568 11.2166200664568 11.2166200664568 
11.2166200664568 11.2166200664568 11.2166200664568 11.2166200664568 
11.2166200664568 11.2166200664568 11.2166200664568 11.2166200664568 
11.2166200664568 11.2166200664568 11.2166200664568 11.2166200664568 
11.2166200664568 11.2166200664568 11.2166200664568 11.2166200664568 
11.2166200664568 11.2166200664568 11.2166200664568 11.2166200664568 
11.2166200664568 11.2166200664568 11.2166200664568 11.2166200664568 
11.2166200664568 11.2166200664568 11.2166200664568 11.2166200664568 
11.2166200664568 11.2166200664568 11.2166200664568 11.2166200664568 
11.2166200664568 11.2166200664568 11.2166200664568 11.2166200664568 
11.2166200664568 11.2166200664568 11.2166200664568 11.2166200664568 
11.2166200664568 11.2166200664568 11.2166200664568 11.2166200664568 
11.2166200664568 11.2166200664568 11.2166200664568 11.2166200664568 
11.2166200664568 11.2166200664568 11.2166200664568 11.2166200664568 
11.2166200664568 11.2166200664568 11.2166200664568 11.2166200664568 
11.2166200664568 11.2166200664568 11.2166200664568 11.2166200664568 
11.2166200664568 11.2166200664568 11.2166200664568 11.2166200664568 
11.2166200664568 11.2166200664568 11.2166200664568 11.2166200664568 
11.2166200664568 11.2166200664568 11.2166200664568 11.2166200664568 
11.2166200664568 11.2166200664568 11.2166200664568 11.2166200664568 
11.2166200664568 11.2166200664568 11.2166200664568 11.2166200664568 
11.2166200664568 11.2166200664568 11.2166200664568 11.2166200664568 
11.2166200664568 11.2166200664568 11.2166200664568 11.2166200664568 
11.2166200664568 11.2166200664568 11.2166200664568 11.2166200664568 
11.2166200664568 11.2166200664568 11.2166200664568 11.2166200664568 
11.2166200664568 11.2166200664568 11.2166200664568 11.2166200664568 
11.2166200664568 11.2166200664568 11.2166200664568 11.2166200664568 
11.2166200664568 11.2166200664568 11.2166200664568 11.2166200664568 
11.2166200664568 11.2166200664568 11.2166200664568 11.2166200664568 
11.2166200664568 11.2166200664568 11.2166200664568 11.2166200664568 
11.2166200664568 11.2166200664568 11.2166200664568 11.2166200664568 
11.2166200664568 11.2166200664568 11.2166200664568 11.2166200664568 
11.2166200664568 11.2166200664568 11.2166200664568 11.2166200664568 
11.2166200664568 11.2166200664568 11.2166200664568 11.2166200664568 
11.2166200664568 11.2166200664568 11.2166200664568 11.2166200664568 
11.2166200664568 11.2166200664568 11.2166200664568 11.2166200664568 
11.2166200664568 11.2166200664568 11.2166200664568 11.2166200664568 
11.2166200664568 11.2166200664568 11.2166200664568 11.2166200664568 
11.2166200664568 11.2166200664568 11.2166200664568 11.2166200664568 
11.2166200664568 11.2166200664568 11.2166200664568 11.2166200664568 
11.2166200664568 11.2166200664568 11.2166200664568 11.2166200664568 
11.2166200664568 11.2166200664568 11.2166200664568 11.2166200664568 
11.2166200664568 11.2166200664568 11.2166200664568 11.2166200664568 
11.2166200664568 11.2166200664568 11.2166200664568 11.2166200664568 
11.2166200664568 11.2166200664568 11.2166200664568 11.2166200664568 
11.2166200664568 11.2166200664568 11.2166200664568 11.2166200664568 
11.2166200664568 11.2166200664568 11.2166200664568 11.2166200664568 
11.2166200664568 11.2166200664568 11.2166200664568 11.2166200664568 
11.2166200664568 11.2166200664568 11.2166200664568 11.2166200664568 
11.2166200664568 11.2166200664568 11.2166200664568 11.2166200664568 
11.2166200664568 11.2166200664568 11.2166200664568 11.2166200664568 
11.2166200664568 11.2166200664568 11.2166200664568 11.2166200664568 
11.2166200664568 11.2166200664568 11.2166200664568 11.2166200664568 
11.2166200664568 11.2166200664568 11.2166200664568 11.2166200664568 
11.2166200664568 11.2166200664568 11.2166200664568 11.2166200664568 
11.2166200664568 11.2166200664568 11.2166200664568 11.2166200664568 
11.2166200664568 11.2166200664568 11.2166200664568 11.2166200664568 
11.2166200664568 11.2166200664568 11.2166200664568 11.2166200664568 
11.2166200664568 11.2166200664568 11.2166200664568 11.2166200664568 
11.2166200664568 11.2166200664568 11.2166200664568 11.2166200664568 
11.2166200664568 11.2166200664568 11.2166200664568 11.2166200664568 
11.2166200664568 11.2166200664568 11.2166200664568 11.2166200664568 
11.2166200664568 11.2166200664568 11.2166200664568 11.2166200664568 
11.2166200664568 11.2166200664568 11.2166200664568 11.2166200664568 
11.2166200664568 11.2166200664568 11.2166200664568 11.2166200664568 
11.2166200664568 11.2166200664568 11.2166200664568 11.2166200664568 
11.2166200664568 11.2166200664568 11.2166200664568 11.2166200664568 
11.2166200664568 11.2166200664568 11.2166200664568 11.2166200664568 
11.2166200664568 11.2166200664568 11.2166200664568 11.2166200664568 
11.2166200664568 11.2166200664568 11.2166200664568 11.2166200664568 
11.2166200664568 11.2166200664568 11.2166200664568 11.2166200664568 
11.2166200664568 11.2166200664568 11.2166200664568 11.2166200664568 
11.2166200664568 11.2166200664568 11.2166200664568 11.2166200664568 
11.2166200664568 11.2166200664568 11.2166200664568 11.2166200664568 
11.2166200664568 11.2166200664568 11.2166200664568 11.2166200664568 
11.2166200664568 11.2166200664568 11.2166200664568 11.2166200664568 
11.2166200664568 11.2166200664568 11.2166200664568 11.2166200664568 
11.2166200664568 11.2166200664568 11.2166200664568 11.2166200664568 
11.2166200664568 11.2166200664568 11.2166200664568 11.2166200664568 
11.2166200664568 11.2166200664568 11.2166200664568 11.2166200664568 
11.2166200664568 11.2166200664568 11.2166200664568 11.2166200664568 
11.2166200664568 11.2166200664568 11.2166200664568 11.2166200664568 
11.2166200664568 11.2166200664568 11.2166200664568 11.2166200664568 
11.2166200664568 11.2166200664568 11.2166200664568 11.2166200664568 
11.2166200664568 11.2166200664568 11.2166200664568 11.2166200664568 
11.2166200664568 11.2166200664568 11.2166200664568 11.2166200664568 
11.2166200664568 11.2166200664568 11.2166200664568 11.2166200664568 
11.2166200664568 11.2166200664568 11.2166200664568 11.2166200664568 
11.2166200664568 11.2166200664568 11.2166200664568 11.2166200664568 
11.2166200664568 11.2166200664568 11.2166200664568 11.2166200664568 
11.2166200664568 11.2166200664568 11.2166200664568 11.2166200664568 
11.2166200664568 11.2166200664568 11.2166200664568 11.2166200664568 
11.2166200664568 11.2166200664568 11.2166200664568 11.2166200664568 
11.2166200664568 11.2166200664568 11.2166200664568 11.2166200664568 
11.2166200664568 11.2166200664568 11.2166200664568 11.2166200664568 
11.2166200664568 11.2166200664568 11.2166200664568 11.2166200664568 
11.2166200664568 11.2166200664568 11.2166200664568 11.2166200664568 
11.2166200664568 11.2166200664568 11.2166200664568 11.2166200664568 
11.2166200664568 11.2166200664568 11.2166200664568 11.2166200664568 
11.2166200664568 11.2166200664568 11.2166200664568 11.2166200664568 
11.2166200664568 11.2166200664568 11.2166200664568 11.2166200664568 
11.2166200664568 11.2166200664568 11.2166200664568 11.2166200664568 
11.2166200664568 11.2166200664568 11.2166200664568 11.2166200664568 
11.2166200664568 11.2166200664568 11.2166200664568 11.2166200664568 
11.2166200664568 11.2166200664568 11.2166200664568 11.2166200664568 
11.2166200664568 11.2166200664568 11.2166200664568 11.2166200664568 
11.2166200664568 11.2166200664568 11.2166200664568 11.2166200664568 
11.2166200664568 11.2166200664568 11.2166200664568 11.2166200664568 
11.2166200664568 11.2166200664568 11.2166200664568 11.2166200664568 
11.2166200664568 11.2166200664568 11.2166200664568 11.2166200664568 
11.2166200664568 11.2166200664568 11.2166200664568 11.2166200664568 
11.2166200664568 11.2166200664568 11.2166200664568 11.2166200664568 
11.2166200664568 11.2166200664568 11.2166200664568 11.2166200664568 
11.2166200664568 11.2166200664568 11.2166200664568 11.2166200664568 
11.2166200664568 11.2166200664568 11.2166200664568 11.2166200664568 
11.2166200664568 11.2166200664568 11.2166200664568 11.2166200664568 
11.2166200664568 11.2166200664568 11.2166200664568 11.2166200664568 
11.2166200664568 11.2166200664568 11.2166200664568 11.2166200664568 
11.2166200664568 11.2166200664568 11.2166200664568 11.2166200664568 
11.2166200664568 11.2166200664568 11.2166200664568 11.2166200664568 
11.2166200664568 11.2166200664568 11.2166200664568 11.2166200664568 
11.2166200664568 11.2166200664568 11.2166200664568 11.2166200664568 
11.2166200664568 11.2166200664568 11.2166200664568 11.2166200664568 
11.2166200664568 11.2166200664568 11.2166200664568 11.2166200664568 
11.2166200664568 11.2166200664568 11.2166200664568 11.2166200664568 
11.2166200664568 11.2166200664568 11.2166200664568 11.2166200664568 
11.2166200664568 11.2166200664568 11.2166200664568 11.2166200664568 
11.2166200664568 11.2166200664568 11.2166200664568 11.2166200664568 
11.2166200664568 11.2166200664568 11.2166200664568 11.2166200664568 
11.2166200664568 11.2166200664568 11.2166200664568 11.2166200664568 
11.2166200664568 11.2166200664568 11.2166200664568 11.2166200664568 
11.2166200664568 11.2166200664568 11.2166200664568 11.2166200664568 
11.2166200664568 11.2166200664568 11.2166200664568 11.2166200664568 
11.2166200664568 11.2166200664568 11.2166200664568 11.2166200664568 
11.2166200664568 11.2166200664568 11.2166200664568 11.2166200664568 
11.2166200664568 11.2166200664568 11.2166200664568 11.2166200664568 
11.2166200664568 11.2166200664568 11.2166200664568 11.2166200664568 
11.2166200664568 11.2166200664568 11.2166200664568 11.2166200664568 
11.2166200664568 11.2166200664568 11.2166200664568 11.2166200664568 
11.2166200664568 11.2166200664568 11.2166200664568 11.2166200664568 
11.2166200664568 11.2166200664568 11.2166200664568 11.2166200664568 
11.2166200664568 11.2166200664568 11.2166200664568 11.2166200664568 
11.2166200664568 11.2166200664568 11.2166200664568 11.2166200664568 
11.2166200664568 11.2166200664568 11.2166200664568 11.2166200664568 
11.2166200664568 11.2166200664568 11.2166200664568 11.2166200664568 
11.2166200664568 11.2166200664568 11.2166200664568 11.2166200664568 
11.2166200664568 11.2166200664568 11.2166200664568 11.2166200664568 
11.2166200664568 11.2166200664568 11.2166200664568 11.2166200664568 
11.2166200664568 11.2166200664568 11.2166200664568 11.2166200664568 
11.2166200664568 11.2166200664568 11.2166200664568 11.2166200664568 
11.2166200664568 11.2166200664568 11.2166200664568 11.2166200664568 
11.2166200664568 11.2166200664568 11.2166200664568 11.2166200664568 
11.2166200664568 11.2166200664568 11.2166200664568 11.2166200664568 
11.2166200664568 11.2166200664568 11.2166200664568 11.2166200664568 
11.2166200664568 11.2166200664568 11.2166200664568 11.2166200664568 
11.2166200664568 11.2166200664568 11.2166200664568 11.2166200664568 
11.2166200664568 11.2166200664568 11.2166200664568 11.2166200664568 
11.2166200664568 11.2166200664568 11.2166200664568 11.2166200664568 
11.2166200664568 11.2166200664568 11.2166200664568 11.2166200664568 
11.2166200664568 11.2166200664568 11.2166200664568 11.2166200664568 
11.2166200664568 11.2166200664568 11.2166200664568 11.2166200664568 
11.2166200664568 11.2166200664568 11.2166200664568 11.2166200664568 
11.2166200664568 11.2166200664568 11.2166200664568 11.2166200664568 
11.2166200664568 11.2166200664568 11.2166200664568 11.2166200664568 
11.2166200664568 11.2166200664568 11.2166200664568 11.2166200664568 
11.2166200664568 11.2166200664568 11.2166200664568 11.2166200664568 
11.2166200664568 11.2166200664568 11.2166200664568 11.2166200664568 
11.2166200664568 11.2166200664568 11.2166200664568 11.2166200664568 
11.2166200664568 11.2166200664568 11.2166200664568 11.2166200664568 
11.2166200664568 11.2166200664568 11.2166200664568 11.2166200664568 
11.2166200664568 11.2166200664568 11.2166200664568 11.2166200664568 
11.2166200664568 11.2166200664568 11.2166200664568 11.2166200664568 
11.2166200664568 11.2166200664568 11.2166200664568 11.2166200664568 
11.2166200664568 11.2166200664568 11.2166200664568 11.2166200664568 
11.2166200664568 11.2166200664568 11.2166200664568 11.2166200664568 
11.2166200664568 11.2166200664568 11.2166200664568 11.2166200664568 
11.2166200664568 11.2166200664568 11.2166200664568 11.2166200664568 
11.2166200664568 11.2166200664568 11.2166200664568 11.2166200664568 
11.2166200664568 11.2166200664568 11.2166200664568 11.2166200664568 
11.2166200664568 11.2166200664568 11.2166200664568 11.2166200664568 
11.2166200664568 11.2166200664568 11.2166200664568 11.2166200664568 
11.2166200664568 11.2166200664568 11.2166200664568 11.2166200664568 
11.2166200664568 11.2166200664568 11.2166200664568 11.2166200664568 
11.2166200664568 11.2166200664568 11.2166200664568 11.2166200664568 
11.2166200664568 11.2166200664568 11.2166200664568 11.2166200664568 
11.2166200664568 11.2166200664568 11.2166200664568 11.2166200664568 
11.2166200664568 11.2166200664568 11.2166200664568 11.2166200664568 
11.2166200664568 11.2166200664568 11.2166200664568 11.2166200664568 
11.2166200664568 11.2166200664568 11.2166200664568 11.2166200664568 
11.2166200664568 11.2166200664568 11.2166200664568 11.2166200664568 
11.2166200664568 11.2166200664568 11.2166200664568 11.2166200664568 
11.2166200664568 11.2166200664568 11.2166200664568 11.2166200664568 
11.2166200664568 11.2166200664568 11.2166200664568 11.2166200664568 
11.2166200664568 11.2166200664568 11.2166200664568 11.2166200664568 
11.2166200664568 11.2166200664568 11.2166200664568 11.2166200664568 
11.2166200664568 11.2166200664568 11.2166200664568 11.2166200664568 
11.2166200664568 11.2166200664568 11.2166200664568 11.2166200664568 
11.2166200664568 11.2166200664568 11.2166200664568 11.2166200664568 
11.2166200664568 11.2166200664568 11.2166200664568 11.2166200664568 
11.2166200664568 11.2166200664568 11.2166200664568 11.2166200664568 
11.2166200664568 11.2166200664568 11.2166200664568 11.2166200664568 
11.2166200664568 11.2166200664568 11.2166200664568 11.2166200664568 
11.2166200664568 11.2166200664568 11.2166200664568 11.2166200664568 
11.2166200664568 11.2166200664568 11.2166200664568 11.2166200664568 
11.2166200664568 11.2166200664568 11.2166200664568 11.2166200664568 
11.2166200664568 11.2166200664568 11.2166200664568 11.2166200664568 
11.2166200664568 11.2166200664568 11.2166200664568 11.2166200664568 
11.2166200664568 11.2166200664568 11.2166200664568 11.2166200664568 
11.2166200664568 11.2166200664568 11.2166200664568 11.2166200664568 
11.2166200664568 11.2166200664568 11.2166200664568 11.2166200664568 
11.2166200664568 11.2166200664568 11.2166200664568 11.2166200664568 
11.2166200664568 11.2166200664568 11.2166200664568 11.2166200664568 
11.2166200664568 11.2166200664568 11.2166200664568 11.2166200664568 
11.2166200664568 11.2166200664568 11.2166200664568 11.2166200664568 
11.2166200664568 11.2166200664568 11.2166200664568 11.2166200664568 
11.2166200664568 11.2166200664568 11.2166200664568 11.2166200664568 
11.2166200664568 11.2166200664568 11.2166200664568 11.2166200664568 
11.2166200664568 11.2166200664568 11.2166200664568 11.2166200664568 
11.2166200664568 11.2166200664568 11.2166200664568 11.2166200664568 
11.2166200664568 11.2166200664568 11.2166200664568 11.2166200664568 
11.2166200664568 11.2166200664568 11.2166200664568 11.2166200664568 
11.2166200664568 11.2166200664568 11.2166200664568 11.2166200664568 
11.2166200664568 11.2166200664568 11.2166200664568 11.2166200664568 
11.2166200664568 11.2166200664568 11.2166200664568 11.2166200664568 
11.2166200664568 11.2166200664568 11.2166200664568 11.2166200664568 
11.2166200664568 11.2166200664568 11.2166200664568 11.2166200664568 
11.2166200664568 11.2166200664568 11.2166200664568 11.2166200664568 
11.2166200664568 11.2166200664568 11.2166200664568 11.2166200664568 
11.2166200664568 11.2166200664568 11.2166200664568 11.2166200664568 
11.2166200664568 11.2166200664568 11.2166200664568 11.2166200664568 
11.2166200664568 11.2166200664568 11.2166200664568 11.2166200664568 
11.2166200664568 11.2166200664568 11.2166200664568 11.2166200664568 
11.2166200664568 11.2166200664568 11.2166200664568 11.2166200664568 
11.2166200664568 11.2166200664568 11.2166200664568 11.2166200664568 
11.2166200664568 11.2166200664568 11.2166200664568 11.2166200664568 
11.2166200664568 11.2166200664568 11.2166200664568 11.2166200664568 
11.2166200664568 11.2166200664568 11.2166200664568 11.2166200664568 
11.2166200664568 11.2166200664568 11.2166200664568 11.2166200664568 
11.2166200664568 11.2166200664568 11.2166200664568 11.2166200664568 
11.2166200664568 11.2166200664568 11.2166200664568 11.2166200664568 
11.2166200664568 11.2166200664568 11.2166200664568 11.2166200664568 
11.2166200664568 11.2166200664568 11.2166200664568 11.2166200664568 
11.2166200664568 11.2166200664568 11.2166200664568 11.2166200664568 
11.2166200664568 11.2166200664568 11.2166200664568 11.2166200664568 
11.2166200664568 11.2166200664568 11.2166200664568 11.2166200664568 
11.2166200664568 11.2166200664568 11.2166200664568 11.2166200664568 
11.2166200664568 11.2166200664568 11.2166200664568 11.2166200664568 
11.2166200664568 11.2166200664568 11.2166200664568 11.2166200664568 
11.2166200664568 11.2166200664568 11.2166200664568 11.2166200664568 
11.2166200664568 11.2166200664568 11.2166200664568 11.2166200664568 
11.2166200664568 11.2166200664568 11.2166200664568 11.2166200664568 
11.2166200664568 11.2166200664568 11.2166200664568 11.2166200664568 
11.2166200664568 11.2166200664568 11.2166200664568 11.2166200664568 
11.2166200664568 11.2166200664568 11.2166200664568 11.2166200664568 
11.2166200664568 11.2166200664568 11.2166200664568 11.2166200664568 
11.2166200664568 11.2166200664568 11.2166200664568 11.2166200664568 
11.2166200664568 11.2166200664568 11.2166200664568 11.2166200664568 
11.2166200664568 11.2166200664568 11.2166200664568 11.2166200664568 
11.2166200664568 11.2166200664568 11.2166200664568 11.2166200664568 
11.2166200664568 11.2166200664568 11.2166200664568 11.2166200664568 
11.2166200664568 11.2166200664568 11.2166200664568 11.2166200664568 
11.2166200664568 11.2166200664568 11.2166200664568 11.2166200664568 
11.2166200664568 11.2166200664568 11.2166200664568 11.2166200664568 
11.2166200664568 11.2166200664568 11.2166200664568 11.2166200664568 
11.2166200664568 11.2166200664568 11.2166200664568 11.2166200664568 
11.2166200664568 11.2166200664568 11.2166200664568 11.2166200664568 
11.2166200664568 11.2166200664568 11.2166200664568 11.2166200664568 
11.2166200664568 11.2166200664568 11.2166200664568 11.2166200664568 
11.2166200664568 11.2166200664568 11.2166200664568 11.2166200664568 
11.2166200664568 11.2166200664568 11.2166200664568 11.2166200664568 
11.2166200664568 11.2166200664568 11.2166200664568 11.2166200664568 
11.2166200664568 11.2166200664568 11.2166200664568 11.2166200664568 
11.2166200664568 11.2166200664568 11.2166200664568 11.2166200664568 
11.2166200664568 11.2166200664568 11.2166200664568 11.2166200664568 
11.2166200664568 11.2166200664568 11.2166200664568 11.2166200664568 
11.2166200664568 11.2166200664568 11.2166200664568 11.2166200664568 
11.2166200664568 11.2166200664568 11.2166200664568 11.2166200664568 
11.2166200664568 11.2166200664568 11.2166200664568 11.2166200664568 
11.2166200664568 11.2166200664568 11.2166200664568 11.2166200664568 
11.2166200664568 11.2166200664568 11.2166200664568 11.2166200664568 
11.2166200664568 11.2166200664568 11.2166200664568 11.2166200664568 
11.2166200664568 11.2166200664568 11.2166200664568 11.2166200664568 
11.2166200664568 11.2166200664568 11.2166200664568 11.2166200664568 
11.2166200664568 11.2166200664568 11.2166200664568 11.2166200664568 
11.2166200664568 11.2166200664568 11.2166200664568 11.2166200664568 
11.2166200664568 11.2166200664568 11.2166200664568 11.2166200664568 
11.2166200664568 11.2166200664568 11.2166200664568 11.2166200664568 
11.2166200664568 11.2166200664568 11.2166200664568 11.2166200664568 
11.2166200664568 11.2166200664568 11.2166200664568 11.2166200664568 
11.2166200664568 11.2166200664568 11.2166200664568 11.2166200664568 
11.2166200664568 11.2166200664568 11.2166200664568 11.2166200664568 
11.2166200664568 11.2166200664568 11.2166200664568 11.2166200664568 
11.2166200664568 11.2166200664568 11.2166200664568 11.2166200664568 
11.2166200664568 11.2166200664568 11.2166200664568 11.2166200664568 
11.2166200664568 11.2166200664568 11.2166200664568 11.2166200664568 
11.2166200664568 11.2166200664568 11.2166200664568 11.2166200664568 
11.2166200664568 11.2166200664568 11.2166200664568 11.2166200664568 
11.2166200664568 11.2166200664568 11.2166200664568 11.2166200664568 
11.2166200664568 11.2166200664568 11.2166200664568 11.2166200664568 
11.2166200664568 11.2166200664568 11.2166200664568 11.2166200664568 
11.2166200664568 11.2166200664568 11.2166200664568 11.2166200664568 
11.2166200664568 11.2166200664568 11.2166200664568 11.2166200664568 
11.2166200664568 11.2166200664568 11.2166200664568 11.2166200664568 
11.2166200664568 11.2166200664568 11.2166200664568 11.2166200664568 
11.2166200664568 11.2166200664568 11.2166200664568 11.2166200664568 
11.2166200664568 11.2166200664568 11.2166200664568 11.2166200664568 
11.2166200664568 11.2166200664568 11.2166200664568 11.2166200664568 
11.2166200664568 11.2166200664568 11.2166200664568 11.2166200664568 
11.2166200664568 11.2166200664568 11.2166200664568 11.2166200664568 
11.2166200664568 11.2166200664568 11.2166200664568 11.2166200664568 
11.2166200664568 11.2166200664568 11.2166200664568 11.2166200664568 
11.2166200664568 11.2166200664568 11.2166200664568 11.2166200664568 
11.2166200664568 11.2166200664568 11.2166200664568 11.2166200664568 
11.2166200664568 11.2166200664568 11.2166200664568 11.2166200664568 
11.2166200664568 11.2166200664568 11.2166200664568 11.2166200664568 
11.2166200664568 11.2166200664568 11.2166200664568 11.2166200664568 
11.2166200664568 11.2166200664568 11.2166200664568 11.2166200664568 
11.2166200664568 11.2166200664568 11.2166200664568 11.2166200664568 
11.2166200664568 11.2166200664568 11.2166200664568 11.2166200664568 
11.2166200664568 11.2166200664568 11.2166200664568 11.2166200664568 
11.2166200664568 11.2166200664568 11.2166200664568 11.2166200664568 
11.2166200664568 11.2166200664568 11.2166200664568 11.2166200664568 
11.2166200664568 11.2166200664568 11.2166200664568 11.2166200664568 
11.2166200664568 11.2166200664568 11.2166200664568 11.2166200664568 
11.2166200664568 11.2166200664568 11.2166200664568 11.2166200664568 
11.2166200664568 11.2166200664568 11.2166200664568 11.2166200664568 
11.2166200664568 11.2166200664568 11.2166200664568 11.2166200664568 
11.2166200664568 11.2166200664568 11.2166200664568 11.2166200664568 
11.2166200664568 11.2166200664568 11.2166200664568 11.2166200664568 
11.2166200664568 11.2166200664568 11.2166200664568 11.2166200664568 
11.2166200664568 11.2166200664568 11.2166200664568 11.2166200664568 
11.2166200664568 11.2166200664568 11.2166200664568 11.2166200664568 
11.2166200664568 11.2166200664568 11.2166200664568 11.2166200664568 
11.2166200664568 11.2166200664568 11.2166200664568 11.2166200664568 
11.2166200664568 11.2166200664568 11.2166200664568 11.2166200664568 
11.2166200664568 11.2166200664568 11.2166200664568 11.2166200664568 
11.2166200664568 11.2166200664568 11.2166200664568 11.2166200664568 
11.2166200664568 11.2166200664568 11.2166200664568 11.2166200664568 
11.2166200664568 11.2166200664568 11.2166200664568 11.2166200664568 
11.2166200664568 11.2166200664568 11.2166200664568 11.2166200664568 
11.2166200664568 11.2166200664568 11.2166200664568 11.2166200664568 
11.2166200664568 11.2166200664568 11.2166200664568 11.2166200664568 
11.2166200664568 11.2166200664568 11.2166200664568 11.2166200664568 
11.2166200664568 11.2166200664568 11.2166200664568 11.2166200664568 
11.2166200664568 11.2166200664568 11.2166200664568 11.2166200664568 
11.2166200664568 11.2166200664568 11.2166200664568 11.2166200664568 
11.2166200664568 11.2166200664568 11.2166200664568 11.2166200664568 
11.2166200664568 11.2166200664568 11.2166200664568 11.2166200664568 
11.2166200664568 11.2166200664568 11.2166200664568 11.2166200664568 
11.2166200664568 11.2166200664568 11.2166200664568 11.2166200664568 
11.2166200664568 11.2166200664568 11.2166200664568 11.2166200664568 
11.2166200664568 11.2166200664568 11.2166200664568 11.2166200664568 
11.2166200664568 11.2166200664568 11.2166200664568 11.2166200664568 
11.2166200664568 11.2166200664568 11.2166200664568 11.2166200664568 
11.2166200664568 11.2166200664568 11.2166200664568 11.2166200664568 
11.2166200664568 11.2166200664568 11.2166200664568 11.2166200664568 
11.2166200664568 11.2166200664568 11.2166200664568 11.2166200664568 
11.2166200664568 11.2166200664568 11.2166200664568 11.2166200664568 
11.2166200664568 11.2166200664568 11.2166200664568 11.2166200664568 
11.2166200664568 11.2166200664568 11.2166200664568 11.2166200664568 
11.2166200664568 11.2166200664568 11.2166200664568 11.2166200664568 
11.2166200664568 11.2166200664568 11.2166200664568 11.2166200664568 
11.2166200664568 11.2166200664568 11.2166200664568 11.2166200664568 
11.2166200664568 11.2166200664568 11.2166200664568 11.2166200664568 
11.2166200664568 11.2166200664568 11.2166200664568 11.2166200664568 
11.2166200664568 11.2166200664568 11.2166200664568 11.2166200664568 
11.2166200664568 11.2166200664568 11.2166200664568 11.2166200664568 
11.2166200664568 11.2166200664568 11.2166200664568 11.2166200664568 
11.2166200664568 11.2166200664568 11.2166200664568 11.2166200664568 
11.2166200664568 11.2166200664568 11.2166200664568 11.2166200664568 
11.2166200664568 11.2166200664568 11.2166200664568 11.2166200664568 
11.2166200664568 11.2166200664568 11.2166200664568 11.2166200664568 
11.2166200664568 11.2166200664568 11.2166200664568 11.2166200664568 
11.2166200664568 11.2166200664568 11.2166200664568 11.2166200664568 
11.2166200664568 11.2166200664568 11.2166200664568 11.2166200664568 
11.2166200664568 11.2166200664568 11.2166200664568 11.2166200664568 
11.2166200664568 11.2166200664568 11.2166200664568 11.2166200664568 
11.2166200664568 11.2166200664568 11.2166200664568 11.2166200664568 
11.2166200664568 11.2166200664568 11.2166200664568 11.2166200664568 
11.2166200664568 11.2166200664568 11.2166200664568 11.2166200664568 
11.2166200664568 11.2166200664568 11.2166200664568 11.2166200664568 
11.2166200664568 11.2166200664568 11.2166200664568 11.2166200664568 
11.2166200664568 11.2166200664568 11.2166200664568 11.2166200664568 
11.2166200664568 11.2166200664568 11.2166200664568 11.2166200664568 
11.2166200664568 11.2166200664568 11.2166200664568 11.2166200664568 
11.2166200664568 11.2166200664568 11.2166200664568 11.2166200664568 
11.2166200664568 11.2166200664568 11.2166200664568 11.2166200664568 
11.2166200664568 11.2166200664568 11.2166200664568 11.2166200664568 
11.2166200664568 11.2166200664568 11.2166200664568 11.2166200664568 
11.2166200664568 11.2166200664568 11.2166200664568 11.2166200664568 
11.2166200664568 11.2166200664568 11.2166200664568 11.2166200664568 
11.2166200664568 11.2166200664568 11.2166200664568 11.2166200664568 
11.2166200664568 11.2166200664568 11.2166200664568 11.2166200664568 
11.2166200664568 11.2166200664568 11.2166200664568 11.2166200664568 
11.2166200664568 11.2166200664568 11.2166200664568 11.2166200664568 
11.2166200664568 11.2166200664568 11.2166200664568 11.2166200664568 
11.2166200664568 11.2166200664568 11.2166200664568 11.2166200664568 
11.2166200664568 11.2166200664568 11.2166200664568 11.2166200664568 
11.2166200664568 11.2166200664568 11.2166200664568 11.2166200664568 
11.2166200664568 11.2166200664568 11.2166200664568 11.2166200664568 
11.2166200664568 11.2166200664568 11.2166200664568 11.2166200664568 
11.2166200664568 11.2166200664568 11.2166200664568 11.2166200664568 
11.2166200664568 11.2166200664568 11.2166200664568 11.2166200664568 
11.2166200664568 11.2166200664568 11.2166200664568 11.2166200664568 
11.2166200664568 11.2166200664568 11.2166200664568 11.2166200664568 
11.2166200664568 11.2166200664568 11.2166200664568 11.2166200664568 
11.2166200664568 11.2166200664568 11.2166200664568 11.2166200664568 
11.2166200664568 11.2166200664568 11.2166200664568 11.2166200664568 
11.2166200664568 11.2166200664568 11.2166200664568 11.2166200664568 
11.2166200664568 11.2166200664568 11.2166200664568 11.2166200664568 
11.2166200664568 11.2166200664568 11.2166200664568 11.2166200664568 
11.2166200664568 11.2166200664568 11.2166200664568 11.2166200664568 
11.2166200664568 11.2166200664568 11.2166200664568 11.2166200664568 
11.2166200664568 11.2166200664568 11.2166200664568 11.2166200664568 
11.2166200664568 11.2166200664568 11.2166200664568 11.2166200664568 
11.2166200664568 11.2166200664568 11.2166200664568 11.2166200664568 
11.2166200664568 11.2166200664568 11.2166200664568 11.2166200664568 
11.2166200664568 11.2166200664568 11.2166200664568 11.2166200664568 
11.2166200664568 11.2166200664568 11.2166200664568 11.2166200664568 
11.2166200664568 11.2166200664568 11.2166200664568 11.2166200664568 
11.2166200664568 11.2166200664568 11.2166200664568 11.2166200664568 
11.2166200664568 11.2166200664568 11.2166200664568 11.2166200664568 
11.2166200664568 11.2166200664568 11.2166200664568 11.2166200664568 
11.2166200664568 11.2166200664568 11.2166200664568 11.2166200664568 
11.2166200664568 11.2166200664568 11.2166200664568 11.2166200664568 
11.2166200664568 11.2166200664568 11.2166200664568 11.2166200664568 
11.2166200664568 11.2166200664568 11.2166200664568 11.2166200664568 
11.2166200664568 11.2166200664568 11.2166200664568 11.2166200664568 
11.2166200664568 11.2166200664568 11.2166200664568 11.2166200664568 
11.2166200664568 11.2166200664568 11.2166200664568 11.2166200664568 
11.2166200664568 11.2166200664568 11.2166200664568 11.2166200664568 
11.2166200664568 11.2166200664568 11.2166200664568 11.2166200664568 
11.2166200664568 11.2166200664568 11.2166200664568 11.2166200664568 
11.2166200664568 11.2166200664568 11.2166200664568 11.2166200664568 
11.2166200664568 11.2166200664568 11.2166200664568 11.2166200664568 
11.2166200664568 11.2166200664568 11.2166200664568 11.2166200664568 
11.2166200664568 11.2166200664568 11.2166200664568 11.2166200664568 
11.2166200664568 11.2166200664568 11.2166200664568 11.2166200664568 
11.2166200664568 11.2166200664568 11.2166200664568 11.2166200664568 
11.2166200664568 11.2166200664568 11.2166200664568 11.2166200664568 
11.2166200664568 11.2166200664568 11.2166200664568 11.2166200664568 
11.2166200664568 11.2166200664568 11.2166200664568 11.2166200664568 
11.2166200664568 11.2166200664568 11.2166200664568 11.2166200664568 
11.2166200664568 11.2166200664568 11.2166200664568 11.2166200664568 
11.2166200664568 11.2166200664568 11.2166200664568 11.2166200664568 
11.2166200664568 11.2166200664568 11.2166200664568 11.2166200664568 
11.2166200664568 11.2166200664568 11.2166200664568 11.2166200664568 
11.2166200664568 11.2166200664568 11.2166200664568 11.2166200664568 
11.2166200664568 11.2166200664568 11.2166200664568 11.2166200664568 
11.2166200664568 11.2166200664568 11.2166200664568 11.2166200664568 
11.2166200664568 11.2166200664568 11.2166200664568 11.2166200664568 
11.2166200664568 11.2166200664568 11.2166200664568 11.2166200664568 
11.2166200664568 11.2166200664568 11.2166200664568 11.2166200664568 
11.2166200664568 11.2166200664568 11.2166200664568 11.2166200664568 
11.2166200664568 11.2166200664568 11.2166200664568 11.2166200664568 
11.2166200664568 11.2166200664568 11.2166200664568 11.2166200664568 
11.2166200664568 11.2166200664568 11.2166200664568 11.2166200664568 
11.2166200664568 11.2166200664568 11.2166200664568 11.2166200664568 
11.2166200664568 11.2166200664568 11.2166200664568 11.2166200664568 
11.2166200664568 11.2166200664568 11.2166200664568 11.2166200664568 
11.2166200664568 11.2166200664568 11.2166200664568 11.2166200664568 
11.2166200664568 11.2166200664568 11.2166200664568 11.2166200664568 
11.2166200664568 11.2166200664568 11.2166200664568 11.2166200664568 
11.2166200664568 11.2166200664568 11.2166200664568 11.2166200664568 
11.2166200664568 11.2166200664568 11.2166200664568 11.2166200664568 
11.2166200664568 11.2166200664568 11.2166200664568 11.2166200664568 
11.2166200664568 11.2166200664568 11.2166200664568 11.2166200664568 
11.2166200664568 11.2166200664568 11.2166200664568 11.2166200664568 
11.2166200664568 11.2166200664568 11.2166200664568 11.2166200664568 
11.2166200664568 11.2166200664568 11.2166200664568 11.2166200664568 
11.2166200664568 11.2166200664568 11.2166200664568 11.2166200664568 
11.2166200664568 11.2166200664568 11.2166200664568 11.2166200664568 
11.2166200664568 11.2166200664568 11.2166200664568 11.2166200664568 
11.2166200664568 11.2166200664568 11.2166200664568 11.2166200664568 
11.2166200664568 11.2166200664568 11.2166200664568 11.2166200664568 
11.2166200664568 11.2166200664568 11.2166200664568 11.2166200664568 
11.2166200664568 11.2166200664568 11.2166200664568 11.2166200664568 
11.2166200664568 11.2166200664568 11.2166200664568 11.2166200664568 
11.2166200664568 11.2166200664568 11.2166200664568 11.2166200664568 
11.2166200664568 11.2166200664568 11.2166200664568 11.2166200664568 
11.2166200664568 11.2166200664568 11.2166200664568 11.2166200664568 
11.2166200664568 11.2166200664568 11.2166200664568 11.2166200664568 
11.2166200664568 11.2166200664568 11.2166200664568 11.2166200664568 
11.2166200664568 11.2166200664568 11.2166200664568 11.2166200664568 
11.2166200664568 11.2166200664568 11.2166200664568 11.2166200664568 
11.2166200664568 11.2166200664568 11.2166200664568 11.2166200664568 
11.2166200664568 11.2166200664568 11.2166200664568 11.2166200664568 
11.2166200664568 11.2166200664568 11.2166200664568 11.2166200664568 
11.2166200664568 11.2166200664568 11.2166200664568 11.2166200664568 
11.2166200664568 11.2166200664568 11.2166200664568 11.2166200664568 
11.2166200664568 11.2166200664568 11.2166200664568 11.2166200664568 
11.2166200664568 11.2166200664568 11.2166200664568 11.2166200664568 
11.2166200664568 11.2166200664568 11.2166200664568 11.2166200664568 
11.2166200664568 11.2166200664568 11.2166200664568 11.2166200664568 
11.2166200664568 11.2166200664568 11.2166200664568 11.2166200664568 
11.2166200664568 11.2166200664568 11.2166200664568 11.2166200664568 
11.2166200664568 11.2166200664568 11.2166200664568 11.2166200664568 
11.2166200664568 11.2166200664568 11.2166200664568 11.2166200664568 
11.2166200664568 11.2166200664568 11.2166200664568 11.2166200664568 
11.2166200664568 11.2166200664568 11.2166200664568 11.2166200664568 
11.2166200664568 11.2166200664568 11.2166200664568 11.2166200664568 
11.2166200664568 11.2166200664568 11.2166200664568 11.2166200664568 
11.2166200664568 11.2166200664568 11.2166200664568 11.2166200664568 
11.2166200664568 11.2166200664568 11.2166200664568 11.2166200664568 
11.2166200664568 11.2166200664568 11.2166200664568 11.2166200664568 
11.2166200664568 11.2166200664568 11.2166200664568 11.2166200664568 
11.2166200664568 11.2166200664568 11.2166200664568 11.2166200664568 
11.2166200664568 11.2166200664568 11.2166200664568 11.2166200664568 
11.2166200664568 11.2166200664568 11.2166200664568 11.2166200664568 
11.2166200664568 11.2166200664568 11.2166200664568 11.2166200664568 
11.2166200664568 11.2166200664568 11.2166200664568 11.2166200664568 
11.2166200664568 11.2166200664568 11.2166200664568 11.2166200664568 
11.2166200664568 11.2166200664568 11.2166200664568 11.2166200664568 
11.2166200664568 11.2166200664568 11.2166200664568 11.2166200664568 
11.2166200664568 11.2166200664568 11.2166200664568 11.2166200664568 
11.2166200664568 11.2166200664568 11.2166200664568 11.2166200664568 
11.2166200664568 11.2166200664568 11.2166200664568 11.2166200664568 
11.2166200664568 11.2166200664568 11.2166200664568 11.2166200664568 
11.2166200664568 11.2166200664568 11.2166200664568 11.2166200664568 
11.2166200664568 11.2166200664568 11.2166200664568 11.2166200664568 
11.2166200664568 11.2166200664568 11.2166200664568 11.2166200664568 
11.2166200664568 11.2166200664568 11.2166200664568 11.2166200664568 
11.2166200664568 11.2166200664568 11.2166200664568 11.2166200664568 
11.2166200664568 11.2166200664568 11.2166200664568 11.2166200664568 
11.2166200664568 11.2166200664568 11.2166200664568 11.2166200664568 
11.2166200664568 11.2166200664568 11.2166200664568 11.2166200664568 
11.2166200664568 11.2166200664568 11.2166200664568 11.2166200664568 
11.2166200664568 11.2166200664568 11.2166200664568 11.2166200664568 
11.2166200664568 11.2166200664568 11.2166200664568 11.2166200664568 
11.2166200664568 11.2166200664568 11.2166200664568 11.2166200664568 
11.2166200664568 11.2166200664568 11.2166200664568 11.2166200664568 
11.2166200664568 11.2166200664568 11.2166200664568 11.2166200664568 
11.2166200664568 11.2166200664568 11.2166200664568 11.2166200664568 
11.2166200664568 11.2166200664568 11.2166200664568 11.2166200664568 
11.2166200664568 11.2166200664568 11.2166200664568 11.2166200664568 
11.2166200664568 11.2166200664568 11.2166200664568 11.2166200664568 
11.2166200664568 11.2166200664568 11.2166200664568 11.2166200664568 
11.2166200664568 11.2166200664568 11.2166200664568 11.2166200664568 
11.2166200664568 11.2166200664568 11.2166200664568 11.2166200664568 
11.2166200664568 11.2166200664568 11.2166200664568 11.2166200664568 
11.2166200664568 11.2166200664568 11.2166200664568 11.2166200664568 
11.2166200664568 11.2166200664568 11.2166200664568 11.2166200664568 
11.2166200664568 11.2166200664568 11.2166200664568 11.2166200664568 
11.2166200664568 11.2166200664568 11.2166200664568 11.2166200664568 
11.2166200664568 11.2166200664568 11.2166200664568 11.2166200664568 
11.2166200664568 11.2166200664568 11.2166200664568 11.2166200664568 
11.2166200664568 11.2166200664568 11.2166200664568 11.2166200664568 
11.2166200664568 11.2166200664568 11.2166200664568 11.2166200664568 
11.2166200664568 11.2166200664568 11.2166200664568 11.2166200664568 
11.2166200664568 11.2166200664568 11.2166200664568 11.2166200664568 
11.2166200664568 11.2166200664568 11.2166200664568 11.2166200664568 
11.2166200664568 11.2166200664568 11.2166200664568 11.2166200664568 
11.2166200664568 11.2166200664568 11.2166200664568 11.2166200664568 
11.2166200664568 11.2166200664568 11.2166200664568 11.2166200664568 
11.2166200664568 11.2166200664568 11.2166200664568 11.2166200664568 
11.2166200664568 11.2166200664568 11.2166200664568 11.2166200664568 
11.2166200664568 11.2166200664568 11.2166200664568 11.2166200664568 
11.2166200664568 11.2166200664568 11.2166200664568 11.2166200664568 
11.2166200664568 11.2166200664568 11.2166200664568 11.2166200664568 
11.2166200664568 11.2166200664568 11.2166200664568 11.2166200664568 
11.2166200664568 11.2166200664568 11.2166200664568 11.2166200664568 
11.2166200664568 11.2166200664568 11.2166200664568 11.2166200664568 
11.2166200664568 11.2166200664568 11.2166200664568 11.2166200664568 
11.2166200664568 11.2166200664568 11.2166200664568 11.2166200664568 
11.2166200664568 11.2166200664568 11.2166200664568 11.2166200664568 
11.2166200664568 11.2166200664568 11.2166200664568 11.2166200664568 
11.2166200664568 11.2166200664568 11.2166200664568 11.2166200664568 
11.2166200664568 11.2166200664568 11.2166200664568 11.2166200664568 
11.2166200664568 11.2166200664568 11.2166200664568 11.2166200664568 
11.2166200664568 11.2166200664568 11.2166200664568 11.2166200664568 
11.2166200664568 11.2166200664568 11.2166200664568 11.2166200664568 
11.2166200664568 11.2166200664568 11.2166200664568 11.2166200664568 
11.2166200664568 11.2166200664568 11.2166200664568 11.2166200664568 
11.2166200664568 11.2166200664568 11.2166200664568 11.2166200664568 
11.2166200664568 11.2166200664568 11.2166200664568 11.2166200664568 
11.2166200664568 11.2166200664568 11.2166200664568 11.2166200664568 
11.2166200664568 11.2166200664568 11.2166200664568 11.2166200664568 
11.2166200664568 11.2166200664568 11.2166200664568 11.2166200664568 
11.2166200664568 11.2166200664568 11.2166200664568 11.2166200664568 
11.2166200664568 11.2166200664568 11.2166200664568 11.2166200664568 
11.2166200664568 11.2166200664568 11.2166200664568 11.2166200664568 
11.2166200664568 11.2166200664568 11.2166200664568 11.2166200664568 
11.2166200664568 11.2166200664568 11.2166200664568 11.2166200664568 
11.2166200664568 11.2166200664568 11.2166200664568 11.2166200664568 
11.2166200664568 11.2166200664568 11.2166200664568 11.2166200664568 
11.2166200664568 11.2166200664568 11.2166200664568 11.2166200664568 
11.2166200664568 11.2166200664568 11.2166200664568 11.2166200664568 
11.2166200664568 11.2166200664568 11.2166200664568 11.2166200664568 
11.2166200664568 11.2166200664568 11.2166200664568 11.2166200664568 
11.2166200664568 11.2166200664568 11.2166200664568 11.2166200664568 
11.2166200664568 11.2166200664568 11.2166200664568 11.2166200664568 
11.2166200664568 11.2166200664568 11.2166200664568 11.2166200664568 
11.2166200664568 11.2166200664568 11.2166200664568 11.2166200664568 
11.2166200664568 11.2166200664568 11.2166200664568 11.2166200664568 
11.2166200664568 11.2166200664568 11.2166200664568 11.2166200664568 
11.2166200664568 11.2166200664568 11.2166200664568 11.2166200664568 
11.2166200664568 11.2166200664568 11.2166200664568 11.2166200664568 
11.2166200664568 11.2166200664568 11.2166200664568 11.2166200664568 
11.2166200664568 11.2166200664568 11.2166200664568 11.2166200664568 
11.2166200664568 11.2166200664568 11.2166200664568 11.2166200664568 
11.2166200664568 11.2166200664568 11.2166200664568 11.2166200664568 
11.2166200664568 11.2166200664568 11.2166200664568 11.2166200664568 
11.2166200664568 11.2166200664568 11.2166200664568 11.2166200664568 
11.2166200664568 11.2166200664568 11.2166200664568 11.2166200664568 
11.2166200664568 11.2166200664568 11.2166200664568 11.2166200664568 
11.2166200664568 11.2166200664568 11.2166200664568 11.2166200664568 
11.2166200664568 11.2166200664568 11.2166200664568 11.2166200664568 
11.2166200664568 11.2166200664568 11.2166200664568 11.2166200664568 
11.2166200664568 11.2166200664568 11.2166200664568 11.2166200664568 
11.2166200664568 11.2166200664568 11.2166200664568 11.2166200664568 
11.2166200664568 11.2166200664568 11.2166200664568 11.2166200664568 
11.2166200664568 11.2166200664568 11.2166200664568 11.2166200664568 
11.2166200664568 11.2166200664568 11.2166200664568 11.2166200664568 
11.2166200664568 11.2166200664568 11.2166200664568 11.2166200664568 
11.2166200664568 11.2166200664568 11.2166200664568 11.2166200664568 
11.2166200664568 11.2166200664568 11.2166200664568 11.2166200664568 
11.2166200664568 11.2166200664568 11.2166200664568 11.2166200664568 
11.2166200664568 11.2166200664568 11.2166200664568 11.2166200664568 
11.2166200664568 11.2166200664568 11.2166200664568 11.2166200664568 
11.2166200664568 11.2166200664568 11.2166200664568 11.2166200664568 
11.2166200664568 11.2166200664568 11.2166200664568 11.2166200664568 
11.2166200664568 11.2166200664568 11.2166200664568 11.2166200664568 
11.2166200664568 11.2166200664568 11.2166200664568 11.2166200664568 
11.2166200664568 11.2166200664568 11.2166200664568 11.2166200664568 
11.2166200664568 11.2166200664568 11.2166200664568 11.2166200664568 
11.2166200664568 11.2166200664568 11.2166200664568 11.2166200664568 
11.2166200664568 11.2166200664568 11.2166200664568 11.2166200664568 
11.2166200664568 11.2166200664568 11.2166200664568 11.2166200664568 
11.2166200664568 11.2166200664568 11.2166200664568 11.2166200664568 
11.2166200664568 11.2166200664568 11.2166200664568 11.2166200664568 
11.2166200664568 11.2166200664568 11.2166200664568 11.2166200664568 
11.2166200664568 11.2166200664568 11.2166200664568 11.2166200664568 
11.2166200664568 11.2166200664568 11.2166200664568 11.2166200664568 
11.2166200664568 11.2166200664568 11.2166200664568 11.2166200664568 
11.2166200664568 11.2166200664568 11.2166200664568 11.2166200664568 
11.2166200664568 11.2166200664568 11.2166200664568 11.2166200664568 
11.2166200664568 11.2166200664568 11.2166200664568 11.2166200664568 
11.2166200664568 11.2166200664568 11.2166200664568 11.2166200664568 
11.2166200664568 11.2166200664568 11.2166200664568 11.2166200664568 
11.2166200664568 11.2166200664568 11.2166200664568 11.2166200664568 
11.2166200664568 11.2166200664568 11.2166200664568 11.2166200664568 
11.2166200664568 11.2166200664568 11.2166200664568 11.2166200664568 
11.2166200664568 11.2166200664568 11.2166200664568 11.2166200664568 
11.2166200664568 11.2166200664568 11.2166200664568 11.2166200664568 
11.2166200664568 11.2166200664568 11.2166200664568 11.2166200664568 
11.2166200664568 11.2166200664568 11.2166200664568 11.2166200664568 
11.2166200664568 11.2166200664568 11.2166200664568 11.2166200664568 
11.2166200664568 11.2166200664568 11.2166200664568 11.2166200664568 
11.2166200664568 11.2166200664568 11.2166200664568 11.2166200664568 
11.2166200664568 11.2166200664568 11.2166200664568 11.2166200664568 
11.2166200664568 11.2166200664568 11.2166200664568 11.2166200664568 
11.2166200664568 11.2166200664568 11.2166200664568 11.2166200664568 
11.2166200664568 11.2166200664568 11.2166200664568 11.2166200664568 
11.2166200664568 11.2166200664568 11.2166200664568 11.2166200664568 
11.2166200664568 11.2166200664568 11.2166200664568 11.2166200664568 
11.2166200664568 11.2166200664568 11.2166200664568 11.2166200664568 
11.2166200664568 11.2166200664568 11.2166200664568 11.2166200664568 
11.2166200664568 11.2166200664568 11.2166200664568 11.2166200664568 
11.2166200664568 11.2166200664568 11.2166200664568 11.2166200664568 
11.2166200664568 11.2166200664568 11.2166200664568 11.2166200664568 
11.2166200664568 11.2166200664568 11.2166200664568 11.2166200664568 
11.2166200664568 11.2166200664568 11.2166200664568 11.2166200664568 
11.2166200664568 11.2166200664568 11.2166200664568 11.2166200664568 
11.2166200664568 11.2166200664568 11.2166200664568 11.2166200664568 
11.2166200664568 11.2166200664568 11.2166200664568 11.2166200664568 
11.2166200664568 11.2166200664568 11.2166200664568 11.2166200664568 
11.2166200664568 11.2166200664568 11.2166200664568 11.2166200664568 
11.2166200664568 11.2166200664568 11.2166200664568 11.2166200664568 
11.2166200664568 11.2166200664568 11.2166200664568 11.2166200664568 
11.2166200664568 11.2166200664568 11.2166200664568 11.2166200664568 
11.2166200664568 11.2166200664568 11.2166200664568 11.2166200664568 
11.2166200664568 11.2166200664568 11.2166200664568 11.2166200664568 
11.2166200664568 11.2166200664568 11.2166200664568 11.2166200664568 
11.2166200664568 11.2166200664568 11.2166200664568 11.2166200664568 
11.2166200664568 11.2166200664568 11.2166200664568 11.2166200664568 
11.2166200664568 11.2166200664568 11.2166200664568 11.2166200664568 
11.2166200664568 11.2166200664568 11.2166200664568 11.2166200664568 
11.2166200664568 11.2166200664568 11.2166200664568 11.2166200664568 
11.2166200664568 11.2166200664568 11.2166200664568 11.2166200664568 
11.2166200664568 11.2166200664568 11.2166200664568 11.2166200664568 
11.2166200664568 11.2166200664568 11.2166200664568 11.2166200664568 
11.2166200664568 11.2166200664568 11.2166200664568 11.2166200664568 
11.2166200664568 11.2166200664568 11.2166200664568 11.2166200664568 
11.2166200664568 11.2166200664568 11.2166200664568 11.2166200664568 
11.2166200664568 11.2166200664568 11.2166200664568 11.2166200664568 
11.2166200664568 11.2166200664568 11.2166200664568 11.2166200664568 
11.2166200664568 11.2166200664568 11.2166200664568 11.2166200664568 
11.2166200664568 11.2166200664568 11.2166200664568 11.2166200664568 
11.2166200664568 11.2166200664568 11.2166200664568 11.2166200664568 
11.2166200664568 11.2166200664568 11.2166200664568 11.2166200664568 
11.2166200664568 11.2166200664568 11.2166200664568 11.2166200664568 
11.2166200664568 11.2166200664568 11.2166200664568 11.2166200664568 
11.2166200664568 11.2166200664568 11.2166200664568 11.2166200664568 
11.2166200664568 11.2166200664568 11.2166200664568 11.2166200664568 
11.2166200664568 11.2166200664568 11.2166200664568 11.2166200664568 
11.2166200664568 11.2166200664568 11.2166200664568 11.2166200664568 
11.2166200664568 11.2166200664568 11.2166200664568 11.2166200664568 
11.2166200664568 11.2166200664568 11.2166200664568 11.2166200664568 
11.2166200664568 11.2166200664568 11.2166200664568 11.2166200664568 
11.2166200664568 11.2166200664568 11.2166200664568 11.2166200664568 
11.2166200664568 11.2166200664568 11.2166200664568 11.2166200664568 
11.2166200664568 11.2166200664568 11.2166200664568 11.2166200664568 
11.2166200664568 11.2166200664568 11.2166200664568 11.2166200664568 
11.2166200664568 11.2166200664568 11.2166200664568 11.2166200664568 
11.2166200664568 11.2166200664568 11.2166200664568 11.2166200664568 
11.2166200664568 11.2166200664568 11.2166200664568 11.2166200664568 
11.2166200664568 11.2166200664568 11.2166200664568 11.2166200664568 
11.2166200664568 11.2166200664568 11.2166200664568 11.2166200664568 
11.2166200664568 11.2166200664568 11.2166200664568 11.2166200664568 
11.2166200664568 11.2166200664568 11.2166200664568 11.2166200664568 
11.2166200664568 11.2166200664568 11.2166200664568 11.2166200664568
##$VisuCoreFrameType=MAGNITUDE_IMAGE
$$ @vis= VisuCoreDataMax VisuCoreDataOffs VisuCoreDataSlope VisuCoreFrameType
##$VisuCoreWordType=_16BIT_SGN_INT
##$VisuCoreByteOrder=littleEndian
##$VisuFGOrderDescDim=1
$$ @vis= VisuCore VisuCoreWordType VisuCoreByteOrder VisuPixel
##$VisuFGOrderDesc=( 1 )
(3200, <FG_CYCLE>, <>, 0, 0)
##$VisuSubjectName=( 65 )
<RMD272>
##$VisuSubjectId=( 65 )
<RMD272>
$$ @vis= VisuFGOrderDescDim VisuFGOrderDesc VisuFrameOrderDesc VisuSubjectName
##$VisuSubjectBirthDate=( 9 )
<>
##$VisuSubjectSex=FEMALE
##$VisuSubjectComment=( 2048 )
<>
$$ @vis= VisuSubjectId VisuSubjectBirthDate VisuSubjectSex VisuSubjectComment
##$VisuStudyUid=( 65 )
<2.16.756.5.5.100.278412266.15942.1407429006.129>
##$VisuStudyDate=( 21 )
<13:30:06  7 Aug 2014>
##$VisuStudyId=( 65 )
<RMD272>
##$VisuStudyNumber=1
##$VisuSubjectWeight=5
$$ @vis= VisuSubject VisuStudyUid VisuStudyDate VisuStudyId VisuStudyNumber
##$VisuStudyReferringPhysician=( 65 )
<>
##$VisuStudyDescription=( 65 )
<>
$$ @vis= VisuSubjectWeight VisuStudyReferringPhysician VisuStudyDescription
##$VisuSeriesNumber=2031617
##$VisuSubjectPosition=Head_Supine
##$VisuSeriesTypeId=( 65 )
<ACQ_USER_PVM>
$$ @vis= VisuStudy VisuSeriesNumber VisuSubjectPosition VisuSeriesTypeId
##$VisuAcqSoftwareVersion=( 65 )
<5.1>
##$VisuInstitution=( 65 )
<Duke University Biospec 70/20>
##$VisuStation=( 65 )
<spect>
$$ @vis= VisuSeries VisuAcqSoftwareVersion VisuInstitution VisuStation
##$VisuAcqDate=( 21 )
<17:17:09  7 Aug 2014>
##$VisuAcqEchoTrainLength=1
##$VisuAcqSequenceName=( 40 )
<rMD_HOT (pvm)>
##$VisuAcqNumberOfAverages=4
$$ @vis= VisuEquipment VisuAcqDate VisuAcqEchoTrainLength VisuAcqSequenceName
##$VisuAcqImagingFrequency=300.3395589
##$VisuAcqImagedNucleus=( 8 )
<1H>
##$VisuAcqRepetitionTime=( 1 )
1880
$$ @vis= VisuAcqNumberOfAverages VisuAcqImagingFrequency VisuAcqImagedNucleus
##$VisuAcqFlipAngle=90
##$VisuAcqEchoTime=( 1 )
0
##$VisuAcquisitionProtocol=( 65 )
<RMD_HOT_RBM_RARE_ZQSQ2>
$$ @vis= VisuAcqRepetitionTime VisuAcqFlipAngle VisuAcqEchoTime
##$VisuAcqScanTime=601600
$$ @vis= VisuAcquisitionProtocol VisuAcqScanTime VisuAcquisition Visu
##END=
