##TITLE= /beta2.16/exp/stan/nmr/lists/wave/bp
##JCAMP-DX= 5.00BrukerJCAMPlibrary
##DATATYPE= ShapeData
##ORIGIN= Ryan Davis        
##OWNER= <an>
##DATE= 98/04/21
##TIME= 14:35:24
##MINX= 6.103888e-03
##MAXX= 1.000000e+02
##MINY= 0.000000e+00
##MAXY= 1.800000e+02
##$SHAPE_EXMODE= None
##$SHAPE_TOTROT= 0.000000e+00
##$SHAPE_BWFAC= 0.000000e+00
##$SHAPE_INTEGFAC= 9.441386e-02
##$SHAPE_MODE= 1
##NPOINTS= 248
##XYPOINTS= (XY..XY)
6.103888e-03, 1.800000e+02
2.075322e-01, 1.800000e+02
9.888299e-01, 1.800000e+02
2.777269e+00, 1.800000e+02
6.042849e+00, 1.800000e+02
1.062077e+01, 1.800000e+02
1.532076e+01, 1.800000e+02
1.870842e+01, 1.800000e+02
1.920283e+01, 1.800000e+02
1.591894e+01, 1.800000e+02
9.967649e+00, 1.800000e+02
2.911555e+00, 1.800000e+02
3.491424e+00, 0.000000e+00
7.745834e+00, 0.000000e+00
9.961546e+00, 0.000000e+00
1.070622e+01, 0.000000e+00
1.062687e+01, 0.000000e+00
1.038271e+01, 0.000000e+00
1.015077e+01, 0.000000e+00
9.937130e+00, 0.000000e+00
9.735702e+00, 0.000000e+00
9.552585e+00, 0.000000e+00
9.381676e+00, 0.000000e+00
9.216871e+00, 0.000000e+00
9.058170e+00, 0.000000e+00
8.905573e+00, 0.000000e+00
8.746872e+00, 0.000000e+00
8.588171e+00, 0.000000e+00
8.423366e+00, 0.000000e+00
8.252457e+00, 0.000000e+00
8.069340e+00, 0.000000e+00
7.867912e+00, 0.000000e+00
7.654276e+00, 0.000000e+00
7.416224e+00, 0.000000e+00
7.159861e+00, 0.000000e+00
6.885186e+00, 0.000000e+00
6.586095e+00, 0.000000e+00
6.262589e+00, 0.000000e+00
5.920772e+00, 0.000000e+00
5.554538e+00, 0.000000e+00
5.163889e+00, 0.000000e+00
4.748825e+00, 0.000000e+00
4.303241e+00, 0.000000e+00
3.833242e+00, 0.000000e+00
3.332723e+00, 0.000000e+00
2.807789e+00, 0.000000e+00
2.252335e+00, 0.000000e+00
1.672465e+00, 0.000000e+00
1.068180e+00, 0.000000e+00
4.333761e-01, 0.000000e+00
2.258439e-01, 1.800000e+02
9.155832e-01, 1.800000e+02
1.623634e+00, 1.800000e+02
2.356101e+00, 1.800000e+02
3.100775e+00, 1.800000e+02
3.857657e+00, 1.800000e+02
4.626747e+00, 1.800000e+02
5.408045e+00, 1.800000e+02
6.195446e+00, 1.800000e+02
6.988952e+00, 1.800000e+02
7.788561e+00, 1.800000e+02
8.588171e+00, 1.800000e+02
9.375572e+00, 1.800000e+02
1.015687e+01, 1.800000e+02
1.092596e+01, 1.800000e+02
1.167674e+01, 1.800000e+02
1.240920e+01, 1.800000e+02
1.312336e+01, 1.800000e+02
1.380700e+01, 1.800000e+02
1.445401e+01, 1.800000e+02
1.505219e+01, 1.800000e+02
1.559543e+01, 1.800000e+02
1.608375e+01, 1.800000e+02
1.650491e+01, 1.800000e+02
1.686504e+01, 1.800000e+02
1.715803e+01, 1.800000e+02
1.738998e+01, 1.800000e+02
1.753647e+01, 1.800000e+02
1.760361e+01, 1.800000e+02
1.757309e+01, 1.800000e+02
1.743270e+01, 1.800000e+02
1.719465e+01, 1.800000e+02
1.684673e+01, 1.800000e+02
1.640115e+01, 1.800000e+02
1.584569e+01, 1.800000e+02
1.518037e+01, 1.800000e+02
1.438686e+01, 1.800000e+02
1.345297e+01, 1.800000e+02
1.237258e+01, 1.800000e+02
1.114570e+01, 1.800000e+02
9.766221e+00, 1.800000e+02
8.252457e+00, 1.800000e+02
6.592199e+00, 1.800000e+02
4.791552e+00, 1.800000e+02
2.844412e+00, 1.800000e+02
7.446744e-01, 1.800000e+02
1.501556e+00, 0.000000e+00
3.912592e+00, 0.000000e+00
6.494537e+00, 0.000000e+00
9.253494e+00, 0.000000e+00
1.220778e+01, 0.000000e+00
1.535128e+01, 0.000000e+00
1.868400e+01, 0.000000e+00
2.219984e+01, 0.000000e+00
2.588659e+01, 0.000000e+00
2.975035e+01, 0.000000e+00
3.377281e+01, 0.000000e+00
3.795398e+01, 0.000000e+00
4.227553e+01, 0.000000e+00
4.673137e+01, 0.000000e+00
5.129708e+01, 0.000000e+00
5.593603e+01, 0.000000e+00
6.061771e+01, 0.000000e+00
6.530550e+01, 0.000000e+00
6.995056e+01, 0.000000e+00
7.449796e+01, 0.000000e+00
7.888665e+01, 0.000000e+00
8.305561e+01, 0.000000e+00
8.692547e+01, 0.000000e+00
9.042910e+01, 0.000000e+00
9.348715e+01, 0.000000e+00
9.602637e+01, 0.000000e+00
9.799182e+01, 0.000000e+00
9.932247e+01, 0.000000e+00
1.000000e+02, 0.000000e+00
1.000000e+02, 0.000000e+00
9.932247e+01, 0.000000e+00
9.798572e+01, 0.000000e+00
9.602637e+01, 0.000000e+00
9.348715e+01, 0.000000e+00
9.042910e+01, 0.000000e+00
8.692547e+01, 0.000000e+00
8.304950e+01, 0.000000e+00
7.888055e+01, 0.000000e+00
7.449185e+01, 0.000000e+00
6.995056e+01, 0.000000e+00
6.530550e+01, 0.000000e+00
6.061771e+01, 0.000000e+00
5.593603e+01, 0.000000e+00
5.129097e+01, 0.000000e+00
4.673137e+01, 0.000000e+00
4.227553e+01, 0.000000e+00
3.794787e+01, 0.000000e+00
3.377281e+01, 0.000000e+00
2.974425e+01, 0.000000e+00
2.588659e+01, 0.000000e+00
2.219374e+01, 0.000000e+00
1.868400e+01, 0.000000e+00
1.535128e+01, 0.000000e+00
1.220778e+01, 0.000000e+00
9.253494e+00, 0.000000e+00
6.494537e+00, 0.000000e+00
3.912592e+00, 0.000000e+00
1.501556e+00, 0.000000e+00
7.507782e-01, 1.800000e+02
2.844412e+00, 1.800000e+02
4.791552e+00, 1.800000e+02
6.592199e+00, 1.800000e+02
8.252457e+00, 1.800000e+02
9.772325e+00, 1.800000e+02
1.114570e+01, 1.800000e+02
1.237258e+01, 1.800000e+02
1.345297e+01, 1.800000e+02
1.438686e+01, 1.800000e+02
1.518037e+01, 1.800000e+02
1.585180e+01, 1.800000e+02
1.640115e+01, 1.800000e+02
1.685284e+01, 1.800000e+02
1.719465e+01, 1.800000e+02
1.743881e+01, 1.800000e+02
1.757309e+01, 1.800000e+02
1.760361e+01, 1.800000e+02
1.754257e+01, 1.800000e+02
1.738998e+01, 1.800000e+02
1.716413e+01, 1.800000e+02
1.686504e+01, 1.800000e+02
1.650491e+01, 1.800000e+02
1.608375e+01, 1.800000e+02
1.560154e+01, 1.800000e+02
1.505219e+01, 1.800000e+02
1.445401e+01, 1.800000e+02
1.380700e+01, 1.800000e+02
1.312336e+01, 1.800000e+02
1.240920e+01, 1.800000e+02
1.167674e+01, 1.800000e+02
1.092596e+01, 1.800000e+02
1.015687e+01, 1.800000e+02
9.375572e+00, 1.800000e+02
8.588171e+00, 1.800000e+02
7.788561e+00, 1.800000e+02
6.988952e+00, 1.800000e+02
6.195446e+00, 1.800000e+02
5.408045e+00, 1.800000e+02
4.626747e+00, 1.800000e+02
3.857657e+00, 1.800000e+02
3.100775e+00, 1.800000e+02
2.356101e+00, 1.800000e+02
1.623634e+00, 1.800000e+02
9.155832e-01, 1.800000e+02
2.258439e-01, 1.800000e+02
4.333761e-01, 0.000000e+00
1.068180e+00, 0.000000e+00
1.672465e+00, 0.000000e+00
2.252335e+00, 0.000000e+00
2.807789e+00, 0.000000e+00
3.332723e+00, 0.000000e+00
3.833242e+00, 0.000000e+00
4.303241e+00, 0.000000e+00
4.748825e+00, 0.000000e+00
5.163889e+00, 0.000000e+00
5.554538e+00, 0.000000e+00
5.920772e+00, 0.000000e+00
6.262589e+00, 0.000000e+00
6.579991e+00, 0.000000e+00
6.885186e+00, 0.000000e+00
7.159861e+00, 0.000000e+00
7.416224e+00, 0.000000e+00
7.654276e+00, 0.000000e+00
7.867912e+00, 0.000000e+00
8.069340e+00, 0.000000e+00
8.252457e+00, 0.000000e+00
8.423366e+00, 0.000000e+00
8.588171e+00, 0.000000e+00
8.746872e+00, 0.000000e+00
8.905573e+00, 0.000000e+00
9.058170e+00, 0.000000e+00
9.216871e+00, 0.000000e+00
9.381676e+00, 0.000000e+00
9.552585e+00, 0.000000e+00
9.735702e+00, 0.000000e+00
9.937130e+00, 0.000000e+00
1.015077e+01, 0.000000e+00
1.038271e+01, 0.000000e+00
1.063297e+01, 0.000000e+00
1.070622e+01, 0.000000e+00
9.961546e+00, 0.000000e+00
7.745834e+00, 0.000000e+00
3.491424e+00, 0.000000e+00
2.911555e+00, 1.800000e+02
9.967649e+00, 1.800000e+02
1.591894e+01, 1.800000e+02
1.920283e+01, 1.800000e+02
1.870842e+01, 1.800000e+02
1.532076e+01, 1.800000e+02
1.062077e+01, 1.800000e+02
6.036745e+00, 1.800000e+02
2.777269e+00, 1.800000e+02
9.888299e-01, 1.800000e+02
##END= 